Stg1	Stg2	Stg3	Stg4	Stg5
ALAD	-1.49850425157116	1.02604276109799	0.563431540555607	-0.481448546750723	0.390478496668289
APTX	-1.7657289860143	0.490918518211126	0.173683915776385	0.501603026638684	0.599523525388107
HSD11B1	-0.839233852388069	-0.711883374884459	-0.555908589706589	0.6928916773126	1.41413413966652
IRX2	-0.694253193036756	1.56817662753527	-0.826732722749525	0.408974922986562	-0.456165634735546
KCNH2	-1.74443660122852	0.425936116100007	0.47036535310455	0.112130711177472	0.736004420846495
KIAA1147	-1.57932471888299	1.14276235068778	0.00470675706065225	-0.0148923129010546	0.446747924035613
KIF5A	-1.76620470661653	0.466408547936822	0.574694248425929	0.549398662413349	0.175703247840426
LOC101539242	-1.35731524686721	0.455411344670493	1.20874353431494	-0.623611062308884	0.316771430190659
LOC101551169	-1.33158980843694	-0.42154633166494	1.36911702126638	0.416676549193481	-0.0326574303579883
MOXD1	-1.46130204460226	1.13651939086491	-0.416833092490186	0.121636020662421	0.619979725565109
MPP3	-1.78313222363348	0.392321179774696	0.352882364836653	0.478039834877081	0.559888844145055
NOL3	-1.6462204672726	-0.254209884807489	0.738967810351013	0.629539389779688	0.531923151949394
PHLDB3	-0.796746975060233	1.71930300046711	-0.316255721071691	-0.553523612909862	-0.0527766914253235
PLEKHA2	-1.75513725891983	0.149686380810678	0.644756920569691	0.580119878653072	0.380574078886388
PSRC1	-0.82246262589057	1.68071797655916	0.0876091849712517	-0.620812427243254	-0.325052108396592
SYNE3	-1.72606122328856	0.600077365586498	0.498793118116321	0.641574883009114	-0.014384143423378
TRPC3	-1.42580509311239	1.37615355718236	-0.00626574518979314	-0.161354054184016	0.217271335303836
VWA7	-1.68011272973995	0.403126148636574	-0.0903545580058586	0.49428249951255	0.873058639596683
ADAMTS17	1.52401159252031	-0.947966358103689	-0.656317282260765	0.455331323715218	-0.375059275871071
ADAMTS4	1.67775155617137	-0.938013152826349	-0.00478407509251068	-0.234851334805012	-0.500102993447495
CDCP1	1.78717922145271	-0.435716846841371	-0.390706080605884	-0.44904373996873	-0.511712554036724
COL3A1	1.76101352628547	-0.544830300634187	-0.653655102447662	-0.372113844477544	-0.190414278726072
COL9A2	1.78138398157801	-0.47276536182142	-0.35491470703246	-0.370965231513003	-0.582738681211132
CX3CL1	1.76434365956065	-0.523068298131225	-0.343134306238397	-0.234104045521311	-0.664037009669714
DCN	1.75054041819258	-0.359156069546465	-0.631406422837876	-0.624076925863424	-0.135900999944819
DOT1L	1.76839799750623	-0.294095596114729	-0.664769161291575	-0.313425962223793	-0.496107277876133
DPYSL3	1.77938460938712	-0.569180846136253	-0.315423872655213	-0.518156570623116	-0.37662331997254
GINS3	0.925075478682785	-1.54473961820038	-0.398757711450106	0.709729783695214	0.30869206727249
GPR17	1.75311818470121	-0.221821201210843	-0.320297293737046	-0.46141392520245	-0.749585764550869
KIF21B	1.76716118274018	-0.302842036975786	-0.313897865333963	-0.463046421852459	-0.687374858577974
LOC101537169	0.459394373074393	-1.63845242004064	1.01927949794452	-0.0824917434018879	0.242270292423614
LOC101548011	1.69519236646285	-0.897562607278424	-0.446531229816495	-0.348290369864577	-0.00280815950335675
LOC105943438	1.77226477159899	-0.654560113517381	-0.402863308368273	-0.437516599477924	-0.277324750235413
NEU4	1.74816880492512	-0.245194704600036	-0.206820866422628	-0.625672235046606	-0.670480998855853
NKIRAS2	1.74784466892327	-0.257836119344153	-0.512955514923797	-0.751319089828037	-0.225733944827283
NRF1	1.77504735350644	-0.644904429512165	-0.308385788874988	-0.42762640720519	-0.394130727914099
PODXL	0.811405369243077	-1.49362978746528	-0.0479944647642002	-0.283650185632649	1.01386906861906
SFN	1.4663025344802	-1.05231659345888	-0.664391420928938	-0.242097717519483	0.492503197427106
SOX10	1.34036835475662	-1.44635118427517	0.25843370217604	-0.204818423317564	0.0523675506600778
SPARC	1.76144155355608	-0.484771789788765	-0.169084637271141	-0.654683455929402	-0.45290167056677
TDG	1.78396035438941	-0.55913956901819	-0.464753157541383	-0.379167949360763	-0.380899678469071
ACBD4	-1.54557579002208	-0.312631042133777	0.971145662841334	0.146129633680612	0.740931535633905
ACHE	-1.33981977082785	-0.397719043986206	-0.141804920577691	0.578681929905822	1.30066180548593
ADAMTS13	-1.31860831357149	-0.0690709651665004	1.49850967234075	-0.00628073344192331	-0.104549660160836
ADAMTSL2	-1.3146967646328	0.0164232443080499	1.26064365987779	0.602498172111463	-0.564868311664503
ADGRG3	-1.64499072460981	0.0802723307815075	0.177514283022912	0.310272611148965	1.07693149965643
ADORA2A	-1.07140514877934	-1.04697868040892	0.744723994686269	0.327774105980083	1.04588572852191
ALDH3B1	-0.880721646192701	-0.54554341965158	1.69428888282361	-0.0335665066319126	-0.234457310347414
ANKRD10	-1.52705048324773	-0.339014890080316	1.00144959399605	0.729380451228753	0.135235328103236
ANP32E	-1.30752773100982	0.0177497268515451	1.50549509984972	-0.119557938401074	-0.0961591572903729
ANXA4	-1.33539184128996	-0.00374539862799376	1.29679403664801	-0.495618179266264	0.537961382536212
ARHGEF17	-1.67689605043543	-0.118056991889201	0.440046225744033	0.500598579263425	0.85430823731718
ARRDC2	-1.37694092147149	-0.523849358596198	1.02829339599341	-0.00624609672705705	0.878742980801337
ATP5A1	-1.56639479714688	0.830132019022502	0.803202305783879	-0.357440268865794	0.290500741206296
ATP5L	-1.35938412671414	-0.0333368686539563	1.30508080984661	-0.427288773605068	0.514928959126553
BCL7C	-1.73873713838658	0.489302685377992	0.653579527724212	0.0403538803165822	0.555501044967796
CA2	-1.63489303326795	-0.175392798771915	0.957967625736372	0.514014101739479	0.338304104564013
CARD10	-0.794548508417251	-0.739208214548672	1.67174075064677	-0.163931336555337	0.0259473088744861
CARD11	-1.10990964948513	0.0744564679303289	1.61136762393583	-0.298264073838867	-0.277650368542163
CASQ2	-0.942064589170804	-0.813033118607998	-0.132744017142385	0.373001737446727	1.51483998747446
CBX7	-1.48002066797183	-0.528117644498385	0.909223204674288	0.325698159730432	0.773216948065496
CCDC64B	-1.60213663510307	0.11429069187403	1.02609204562093	0.5918635296813	-0.130109632073186
CDKN2B	-1.51100938417769	-0.179289265780538	0.765362074183449	1.04176659657708	-0.116830020802301
CERCAM	-1.64498869863075	-0.217774892540742	0.76659620007002	0.377606323244181	0.718561067857288
CHAT	-0.924422407557547	-0.895048322106739	-0.280961572301774	0.877756908235774	1.22267539373029
CLMN	-1.11600293813303	-0.388774638041124	1.29895212071113	0.771842115610457	-0.566016660147437
COL5A3	-1.33988355423233	0.473613074906675	1.34699275011357	-0.399210587235806	-0.0815116835521114
CREBL2	-1.68718336127136	-0.0455071587005878	0.261312236359237	0.718655464260712	0.752722819352002
CROCC	-1.22326608711418	-0.95104058382213	0.784096951865455	0.789952966041075	0.600256753029774
CRTAC1	-1.02824915975995	-0.703399146373331	1.55551565173207	0.16804447289545	0.00808818150575726
CTSS	-0.638112443573097	-0.702882046906325	1.72711430438448	-0.0493566332608277	-0.336763180644229
CYFIP1	-1.21472861541816	-0.728630248641462	1.33323357736217	0.427320868244255	0.182804418453201
DBH	-1.18335690133261	-0.675029547069369	1.40322483289215	0.416492923419631	0.0386686920902015
DCLK3	-1.14750912566282	-0.995307024408529	0.599107499218027	0.505265936046495	1.03844271480683
DERA	-1.34899089555632	-0.701798626691254	1.03357745612768	0.734503907922805	0.282708158197083
DPM3	-0.775005258572377	-0.524729295913448	1.73773742518938	-0.154304453508622	-0.283698417194939
DRD2	-1.08261652293282	-1.04604680815346	0.743123051842685	0.359877712145869	1.02566256709772
DRD3	-0.988489122112554	-0.892880605741834	0.131577788705439	0.292893027262619	1.45689891188633
ECEL1	-1.00293121435337	-0.846822212710914	0.096814837020144	0.271799485772899	1.48113910427124
EVA1C	-1.54366222728148	-0.272316124378232	1.06168415600955	0.120926740953751	0.633367454696406
FAM163B	-1.1923584453142	-0.739508170469704	1.284542706903	0.616787282870417	0.0305366260104904
FAM189A2	-0.605013794042958	-1.08725365875059	1.47046909333283	0.474878011514847	-0.253079652054123
FAU	-0.921332465725959	-0.180016718615564	1.64079290210508	-0.644581405047087	0.105137687283534
FBXO15	-1.44677121800716	-0.618314437619097	0.833848191239883	0.804383991297622	0.426853473088756
FOXO4	-1.43527520865106	-0.519370964807137	0.302268107322162	0.499312733132472	1.15306533300356
FZD5	-0.825213942620836	-0.783991744568833	1.553997989368	0.407041062058759	-0.351833364237088
FZD7	-1.0227283128868	-0.559778843111418	1.54966331184166	-0.329033361357225	0.36187720551379
GIGYF1	-1.54097261206204	-0.421168547598272	0.837922511965525	0.800827299100286	0.323391348594504
GPC2	-1.4662878904169	-0.0358020911201751	1.2880497067586	-0.181717949805403	0.395758224583879
GPR182	-0.867004992812301	-0.531037744384736	1.70685939072434	-0.205635341245958	-0.103181312281345
GPR88	-1.06150339878821	-1.06854823557857	0.900917426338317	0.327881263022668	0.901252945005792
HAPLN2	-1.31746760253987	-0.524115748811661	1.36599682198314	0.165187455760066	0.310399073608331
HAPLN4	-1.30671094488658	-0.837214295367144	0.89024696841567	0.54564658474042	0.70803168709764
HCN3	-1.13581243659404	-0.580274205624429	0.298151825963144	-0.0907349966034913	1.50866981285882
IL17REL	-1.28906556164914	-0.186103788301015	1.29232877116185	0.646778897120581	-0.463938318332285
INADL	-1.42667719054259	-0.663365453306254	0.878025157211479	0.70377657722038	0.508240909416988
INSC	-1.61736421545545	-0.279993271835646	0.891453544456531	0.553577899861989	0.452326042972574
IQSEC3	-1.52388873723984	-0.476965741274316	0.936269820647401	0.591433576072956	0.473151081793801
ISL1	-1.07328741236298	-1.07112400011403	0.564555206504754	0.531034196263014	1.04882200970925
ITSN2	-1.67980281870859	0.285389895618616	0.684142342636744	-0.0787553665178465	0.789025946971078
JADE2	-1.61018424939439	-0.157594289209461	1.04421333218709	0.484900302839838	0.238664903576921
KIAA0430	-1.50214504069541	0.387748557002199	1.05016314462009	0.52623494587042	-0.462001606797302
KIAA1456	-0.821756726862869	-0.972853887266457	1.40047231469908	0.608940484059162	-0.214802184628919
KIAA1644	-1.61687126605357	-0.129085411259779	0.974194026588547	0.633066953628402	0.138695697096401
KIAA2012	-1.77038482283965	0.354765999770057	0.349071748083202	0.376324106823141	0.690222968163248
KIF13A	-1.1438648491604	-0.589302819727175	1.25274897110402	0.814454221017181	-0.334035523233627
KIF4A	-1.56780616384396	0.829953654147206	0.778328874898951	0.330864194925117	-0.371340560127313
KIF5B	-1.70148343368764	0.46668223181956	0.811511948286839	0.475295229937531	-0.0520059763562915
KISS1	-0.921073774562249	-0.963361416079125	1.40781878468226	0.491312703043055	-0.0146962970839353
KLHDC7A	-0.599134381664519	-0.863690674291974	1.58803122867855	0.364828157084267	-0.490034329806327
KMT2C	-0.848072963296009	-0.999258533188841	0.664441845167821	1.34681152586747	-0.163921874550443
LAMC3	-1.5264144263993	-0.521059357817735	0.684794423867467	0.657202344060928	0.705477016288638
LINGO3	-1.45952270151339	-0.619663867313855	0.589904061549362	0.624553410294374	0.864729096983512
LMNTD2	-1.36480641247544	-0.726812571261663	0.623925616114506	0.4667307374543	1.0009626301683
LOC101538233	-1.64405072284379	-0.214260952188053	0.870043986910495	0.439928612612035	0.548339075509316
LOC101538851	-0.886574851898218	-0.556359554535357	1.65819649620971	-0.364209078212554	0.148946988436421
LOC101540036	-1.34844819693437	-0.59246660197794	1.26066589389149	0.410916412904634	0.269332492116193
LOC101540298	-1.02879001166871	-0.477705748352356	1.60648427040284	-0.30257866457308	0.202590154191309
LOC101543782	-0.461867228570009	-0.461867228570009	1.78826649128904	-0.402664805579008	-0.461867228570009
LOC101543787	-1.3789857768706	-0.155212172750047	1.03848333530113	-0.412821616938657	0.908536231258175
LOC101547131	-1.46008734656872	-0.285445207043617	1.16044849482551	-0.0741073856475267	0.659191444434354
LOC101549754	-1.21864764813097	0.347811593823157	1.1404029472684	-0.861788593600445	0.592221700639862
LOC101549847	-1.21487769292762	-0.615446343712124	1.42976201367241	0.0981692923330353	0.3023927306343
LOC101551999	-0.578358985683392	-0.206428604042114	1.48451454877157	-1.11611923349494	0.416392274448881
LOC101552046	-0.962323147250251	-0.52472542526207	1.66355762103	5.093355265665e-05	-0.176559982070339
LOC101554018	-0.81092204418667	-0.453800044577186	1.72608585655577	-0.389852092283745	-0.0715116755081652
LOC101555048	-0.848366377670894	-0.515854443255412	1.6009740156786	-0.578281395198727	0.341528200446437
LOC101557890	-1.01235752484819	0.428234040260742	1.39140723947774	-0.918365207069549	0.111081452179258
LOC105943305	-1.15988464892721	-0.371820783857368	1.58521706458051	-0.0589428992445059	0.00543126744857017
LRMP	-1.59157361711176	0.0990656156099	1.15167803273383	-0.0201560000689289	0.360985968836962
LRRC10B	-1.01764374661053	-1.06658629126167	0.525259619917394	0.369788468733914	1.1891819492209
LTBP2	-1.13633943907343	-1.03049953914763	0.818572643936216	0.489971347620706	0.858294986664147
LZTS2	-1.52275277143686	-0.518181120910459	0.561631387012026	0.700188884576966	0.779113620758328
MADCAM1	-0.373053021293795	-0.322128854438093	1.78004259075292	-0.537359161910028	-0.547501553111002
MAOB	-0.994368031488955	-0.642669959580041	0.696127003099644	-0.443589907765408	1.38450089573476
MECP2	-1.21148928691337	-0.768239469735469	1.18152443584839	0.736397849266531	0.0618064715339191
MEIS2	-1.35981839092477	-0.761840597241434	0.916630671617425	0.556500909608584	0.648527406940199
MLKL	-0.929683465870417	-0.936735083244046	1.24836580447129	-0.195356546576944	0.813409291220114
MLLT6	-1.6089935983137	-0.167005439547705	0.237272661597487	1.0368618211194	0.50186455514452
MMP23B	-0.766230847888334	-0.506119800894959	1.71197251466001	-0.474024869866091	0.0344030039893753
MOCS1	-1.27134414502018	-0.890713394540392	0.761415066998483	0.578540405514231	0.822102067047859
NAT16	-1.46050560901069	-0.132131882416207	0.888327250230823	-0.285148876827033	0.989459118023112
NEFH	-1.22024089079356	-0.0949695204251085	0.769900545578133	-0.665578695803649	1.21088856144419
NIM1K	-1.54312505866743	-0.483511590583029	0.721389905505841	0.572799602571402	0.732447141173218
NINL	-1.27868315539804	-0.734091670212207	0.712973892439242	1.13621610667447	0.163584826496531
NKIRAS1	-1.64255818145912	-0.228761530139385	0.774676345307872	0.393025182129028	0.703618184161605
NPR1	-1.00279889857913	-0.82465107008574	1.26992941163244	-0.243834060014604	0.801354617047042
NTRK1	-1.02956343039366	-0.968729186910801	0.0630657384334014	0.717579360251792	1.21764751861927
NUMA1	-1.29872427447155	-0.863305037177426	0.713960792961231	0.65393276011125	0.7941357585765
OTOF	-1.10188466716927	-1.02087532436601	0.895969241855059	0.306479182487013	0.92031156719321
P4HA3	-1.31075377651259	0.0987700098639785	1.26130824913091	0.558456130488674	-0.607780612970973
PACSIN3	-1.15052474618262	-0.326189019846252	1.47525464284897	-0.442844674578871	0.444303797758771
PAPSS2	-1.46012155547671	0.23345008556308	1.27502063494044	0.28135746194309	-0.329706626969902
PCSK1N	-1.19719787004593	-0.696287407914581	1.3972491945619	0.191238042579243	0.304998040819372
PDE1B	-1.24735651985034	-0.839120637753381	0.859024386147521	0.261068464642161	0.966384306814042
PENK	-0.917379786119995	-1.02699912455028	1.38010498556791	0.141078776459785	0.423195148642577
PFKL	-1.39279673095424	0.544439605449593	1.28762387597977	-0.151626400479734	-0.287640349995381
PID1	-1.45805788960068	-0.188015951044243	1.33238966132146	0.0724143070575893	0.24126987226588
PIK3AP1	-1.04164840867011	-1.00330410355584	1.24583141218316	0.535494899348466	0.263626200694318
PLEKHB1	-1.19699716160189	-0.223690838740733	1.58151734212793	-0.0414912734334676	-0.119338068351839
PLEKHO2	-1.16598290858234	-0.799650466835433	1.33562374692619	0.411690202062485	0.218319426429095
PML	-1.31139764397855	-0.57119507097161	0.995782098239464	-0.0900616016473412	0.976872218358041
PPL	-1.3404577317616	-0.293591854723526	0.328175137285242	-0.107531030139143	1.41340547933903
PRDM12	-0.880962434357969	-0.824715416657506	0.453662321453635	1.50753165150743	-0.255516121945585
PSTK	-1.23188768600953	-0.87635069644875	1.09201326610124	0.561086462099797	0.455138654257244
PTCHD2	-1.4757594226359	-0.341012626371635	0.940703490022076	0.905566844666176	-0.0294982856807146
PTPN7	-1.04669324022255	-1.05971206944461	0.927050626762373	0.25309006293419	0.926264619970603
RAB27A	-1.09810766378892	-0.421886953259101	1.51807016456892	-0.393773179497512	0.395697631976613
RAB37	-1.54022167383117	-0.0899582510401879	0.288832647552687	0.106495408375195	1.23485186894348
RAI1	-1.62749954990286	-0.301817904998748	0.705454958078143	0.529576030466479	0.694286466356991
RBM20	-1.20564421846495	-0.966873710463027	0.837107002723312	0.569807706295286	0.765603219909376
RET	-1.3982113912515	-0.41819292000161	1.24419384659278	0.567520273863438	0.00469019079689109
RHBDL3	-1.2449835163066	-0.877586241787513	0.734869788929993	0.396386353646221	0.991313615517898
RNF125	-1.38768768487346	-0.586952518209714	1.18907700794168	0.453406398691369	0.332156796450123
RPL11	-1.09391783665451	0.0473784061140789	1.52501339279422	-0.664069029590782	0.185595067336999
RPL13A	-1.23325794571042	-0.234944243655169	1.4606036476944	-0.377307116633489	0.38490565830468
RPL14	-1.36736479845807	0.289266509218161	0.792957313572448	-0.687250096820599	0.972391072488066
RPL18A	-1.51142975455724	-0.489489773411146	0.819019933586708	0.359927199213075	0.821972395168601
RPL21	-1.24777649857272	-0.315999048902768	1.28626719866212	-0.431425473826007	0.708933822639375
RPL27A	-0.996610454031713	-0.0955541894798402	1.50891421329859	-0.771391123348365	0.354641553561325
RPL31	-0.779141351318134	-0.387130159967816	1.74766264176934	-0.390034533353082	-0.191356597130311
RPL32	-1.45930501051726	-0.0772303826529273	1.26449123348998	-0.202003261142978	0.474047420823183
RPL34	-0.938829295677528	-0.299497999598473	1.58871101006579	-0.646102387387022	0.295718672597229
RPL35A	-0.954549010126002	-0.232159503552909	1.50524356614599	-0.758620372613925	0.440085320146844
RPL37	-0.793060660154833	-0.346968269990079	1.63998839396181	-0.716951970845309	0.216992507028416
RPL5	-1.51108965390706	0.623561835512542	0.505624242754508	-0.515871262788442	0.897774838428458
RPL7	-1.28242545239358	-0.447048565873742	1.11688718144822	-0.293899986418419	0.906486823237523
RPLP2	-1.3123297053649	-0.224175295976106	1.28323157921849	-0.397185387561205	0.650458809683722
RPP25	-1.51685364682998	-0.497628215123158	0.529703937148714	0.927661963117134	0.557115961687287
RPS12	-0.712567348205162	-0.0284124994444267	1.70920318979826	-0.709208028208182	-0.259015313940491
RPS13	-0.793011118491279	-0.23997577949784	1.72886661866786	-0.550968076646386	-0.144911644032354
RPS14	-1.40726811370764	-0.228517829370642	1.29359431579881	-0.172009308039033	0.514200935318501
RPS15A	-0.878996714557813	0.226047794321996	1.52045640950033	-0.927815914466719	0.0603084252022034
RPS16	-1.38738087115057	0.0830787572361939	1.23387133637845	-0.486010817649687	0.556441595185614
RPS19	-1.3629860679738	-0.375035409555314	0.694726206657391	-0.176471411274929	1.21976668214666
RPS23	-1.50018568738407	0.048501829377099	1.16964247118705	-0.270836863016331	0.552878249836253
RPS25	-1.41546428321051	0.0299715888991038	1.17773370763688	-0.437841829133112	0.645600815807634
RPS26	-0.679054829003575	-0.455740368788077	1.75645806194966	-0.473324468451814	-0.148338395706194
RPS29	-0.860876683989812	-0.176524467278584	1.68298516222439	-0.62848959587268	-0.0170944150833186
RPS3	-1.32559030223892	-0.314596078749831	1.13937310706223	-0.349702358585971	0.85051563251249
RPS3A	-1.48007661694337	0.43679726929638	1.00781557785891	-0.531021372524	0.566485142312076
RPS4X	-1.16046350751077	-0.0108003386640435	1.25437575197411	-0.775141489438212	0.692029583638914
RPS6	-1.38473702331843	-0.0466588057693008	1.21496988899971	-0.430653621585087	0.647079561673109
RPS7	-1.36675610022107	0.417299003949067	0.965736337961123	-0.724051669387561	0.707772427698439
RREB1	-1.19848233425246	-0.825926879677255	0.453369640341445	1.25555073377413	0.315488839814145
RXRG	-1.05786296060288	-1.03636213527924	0.476504937880332	0.440544134113255	1.17717602388853
SAP25	-1.10043585418195	-0.327220244947319	1.45501401201572	-0.544964114934699	0.517606202048252
SCN4B	-1.38417902804697	-0.65830209847962	0.945294766387256	0.270029349273894	0.827157010865441
SELENBP1	-1.67990860309156	0.241147638648887	0.933476863423396	0.00695949545657296	0.498324605562707
SGSM1	-1.43670321248782	-0.616598259005516	0.517928208670847	1.00087679928552	0.53449646353697
SIX3	-1.00089431148777	-0.951504062746217	0.22532340705147	0.338806129987646	1.38826883719487
SLC16A11	-1.36304474766904	-0.762383248419675	0.664608652906576	0.891932982842208	0.568886360339932
SLC18A3	-1.08923413750309	-0.936532291294917	0.111026046778956	0.744022923943381	1.17071745807567
SLC25A21	-1.58623481834075	-0.137411901896326	0.99217900124413	0.0393633738313845	0.692104345161566
SLC2A12	-1.44588146914905	-0.135873357733603	0.52090794938397	-0.196529815369795	1.25737669286848
SORCS2	-1.05582355218167	-0.942633125262969	1.26232482523686	0.625233577149602	0.110898275058179
SPP2	-1.23057961028361	-0.508292412773614	1.43026770424386	-0.104569070428639	0.413173389242003
SSC5D	-1.35628712807702	-0.590961426853328	0.520951832120274	0.201925398283658	1.22437132452642
STAMBPL1	-1.56103694203007	-0.127209104881585	0.686062699227214	-0.0346852157273533	1.0368685634118
STON2	-1.26343882347969	-0.638965903843832	1.2526923401091	0.652837687773694	-0.00312530055926912
SUN2	-1.37473272137121	-0.118805371347993	1.29603995164055	-0.346656875995388	0.54415501707404
SUSD1	-1.5280618815348	-0.413957614645421	0.618338053912664	0.31887005893427	1.00481138333329
SYNJ2	-1.52041946804354	-0.0217602126002928	1.23521482445405	0.393254987328554	-0.0862901311387706
TCFL5	-1.51840893312072	-0.260358523131716	1.15428712563382	0.0894385257472243	0.535041804871396
TFAP2B	-1.10093431925303	-0.703864458562056	1.40328920220199	0.549102957022927	-0.147593381409825
TFAP4	-1.38391130690914	-0.728656442897725	0.591878535605359	0.606589544049289	0.914099670152219
THOC7	-0.865183746789784	-0.0365958929990436	1.70974417134382	-0.388340153759057	-0.419624377795934
TJP2	-1.32787549620531	-0.483589900427494	1.20611531861095	-0.124495275098974	0.729845353120825
TLE2	-1.75626474197521	0.410741786974339	0.513923059156462	0.154142503530755	0.677457392313652
TMSB4X	-1.09897878993164	-0.0783076064487928	1.62392856041347	-0.380204728997346	-0.0664374350356923
TNFRSF25	-0.838186522571076	-0.152544298861809	1.72300689693656	-0.229560773911008	-0.502715301592664
TNK2	-1.65566443205398	-0.233008599265742	0.597786479465569	0.728928487757642	0.561958064096514
TNNT1	-1.48628583101785	0.122542166842805	1.22295302287848	-0.297308872525459	0.438099513822025
TPPP3	-1.46755643229123	-0.319149812694881	1.00153902800235	-0.0727642781330339	0.857931495116795
TRAF3IP1	-1.51468318747071	-0.159609532657036	0.895935035180973	-0.146843409189715	0.925201094136495
TREX2	-1.12608566736597	-0.137061911596717	1.43753780296148	-0.649077747469605	0.47468752347081
TRPM8	-1.7720599273336	0.244804502785447	0.608529069637735	0.397972285798815	0.520754069111605
TSPO	-1.7075430508223	0.00788330369566715	0.827599780852282	0.533674474675035	0.338385491599312
TTC21A	-1.20981023658162	0.429692329900274	1.11048371436556	0.564193141066364	-0.894558948750577
TTC39A	-1.51345132007291	-0.358684556577571	0.100671763576767	0.91430769919479	0.857156413878927
TTYH2	-0.718988322396461	-0.509540198550164	1.75561431050505	-0.297698833440217	-0.229386956118213
UNC13C	-1.51610280060881	-0.126569364635321	1.2714110060077	0.183494748906568	0.187766410329863
VSTM2B	-1.61261968588301	-0.228350084142247	0.994453614033667	0.416886416799117	0.429629739192471
WNT9A	-1.58751623603576	-0.310339544279492	0.955989821111858	0.584970883293223	0.356895075910169
ZBTB7A	-1.21368139341195	-0.922316694516747	0.996756898865893	0.699716388921458	0.439524800141347
ZNF536	-0.638041773240959	-0.894724402825758	1.59900455623875	0.308466528446997	-0.37470490861903
A1BG	0.75107303833515	1.20267482069197	-1.23799379169857	-0.0411105613012252	-0.674643506027325
ABCB11	1.01675418824876	1.06714473030562	-1.13925291370871	-0.676452626228775	-0.268193378616905
ABCC2	0.909888684684008	1.19050352352464	-1.13237117679951	-0.528771555057447	-0.439249476351696
ABHD11	1.34257695018737	0.199222010337459	-1.42433346530417	-0.305889410228978	0.188423915008316
ACTN3	1.24913384384755	0.427088010109424	-1.40227275815654	-0.492901176548968	0.21895208074854
ADAM19	1.75138207827496	-0.188145620451548	-0.593744247661187	-0.291391202132152	-0.678101008030074
ADH1C	0.499509495287327	1.30775783746706	-1.35972817308189	-0.437373592285078	-0.0101655673874254
AFAP1L2	1.78847957507698	-0.419140402938801	-0.465657013462721	-0.467730635901044	-0.435951522774419
AGXT	1.00010785439313	1.14253960490606	-1.02871232165042	-0.645603748352247	-0.46833138929652
ALB	0.574755020189574	1.32451380149094	-1.29955936253068	-0.452562951339282	-0.147146507810557
ALDOB	0.655101007231673	1.29568127835018	-1.28442160972883	-0.433916499648213	-0.23244417620481
ANGPTL3	0.748961085769751	0.947207966743381	-1.5304824663914	-0.387598733864328	0.221912147742597
ANXA1	1.76304996868936	-0.374680491711413	-0.695371198605517	-0.463983023765516	-0.229015254606916
APOA1	0.484631010648392	1.43161516984612	-1.21036472102812	-0.380269411239097	-0.325612048227299
APOA2	0.884138439019497	1.18332369602467	-1.19950392180591	-0.398209967105911	-0.469748246132346
APOB	0.739647314315771	1.31081045373876	-1.12623908089213	-0.602097283447136	-0.322121403715268
APOH	0.57540241442545	1.3528803222034	-1.26966411260939	-0.259700797920667	-0.39891782609879
ARG1	0.447521028509875	1.45419865693308	-1.19384335869636	-0.421852753587592	-0.286023573159007
ASTN2	1.73959509151675	-0.155987013934691	-0.762439318272341	-0.286076971494065	-0.535091787815653
ATP8B1	0.399011647816554	0.483663009985778	-1.78793291800279	0.438321447379756	0.466936812820704
B4GALT2	1.53927955004463	0.49605755112085	-0.727478556414907	-0.659984691779138	-0.647873852971439
BAK1	1.57059170259176	0.292419255613989	-0.988284822395634	-0.64766390739916	-0.227062228410958
BARD1	1.76281597704361	-0.362802871038508	-0.636215688832084	-0.202468697314964	-0.561328719858057
BCL11A	1.71747719347695	-0.547103488672649	-0.685816294153434	0.0433853728626242	-0.527942783513493
BHMT	0.547296914582371	1.43746182025144	-1.12203701452306	-0.392257424882742	-0.470464295428013
C9	0.612544577179427	1.31502706955382	-1.25037018209292	-0.565279407084879	-0.111922057555449
CA3	0.48135345935635	1.1577753636184	-1.24701429751275	-0.826903319952401	0.434788794490402
CACNA1A	1.67602125434309	-0.303546512091242	-0.711586595251797	0.102031484204014	-0.762919631204064
CACNA2D3	1.65051245456946	0.244609915754819	-0.695504634857256	-0.679516375830523	-0.520101359636501
CCDC18	1.55898938746417	0.429410316631152	-0.765779993505244	-0.451090641512404	-0.771529069077673
CCL5	1.72267787448198	-0.521037209293151	-0.646768661256807	-0.584559752060804	0.0296877481287875
CDH24	1.6084508768768	-0.396106546434675	-0.939956044022245	-0.545687932273045	0.273299645853166
CDH8	1.69478124876414	-0.0597914211487408	-0.78257088403675	-0.69862027238884	-0.15379867118981
CEMIP	1.72804566330417	0.00282437280233418	-0.647399579765961	-0.604064505766804	-0.479405950573735
CFH	1.19432899868679	0.840236025874796	-1.247478819442	-0.422055482474064	-0.365030722645531
CFI	0.813123048722292	1.13675310759458	-1.36333013498282	-0.2040090608134	-0.382536960520651
COL4A2	1.77406703156494	-0.320259862483217	-0.58345795620166	-0.559558538603929	-0.310790674276132
CORO2B	1.48591816288891	0.439674796802218	-1.12669286717339	-0.328120562866797	-0.470779529650945
CPN1	0.90964402336962	1.11222826056004	-1.25409853382484	-0.199503241094694	-0.568270509010126
CPS1	0.686226405612503	1.28153669751479	-1.25903157810564	-0.51318375773822	-0.195547767283426
CRISPLD1	1.71756846515509	-0.221063018003124	-0.869065560750108	-0.470203736563456	-0.157236149838403
DAG1	1.74064814978408	-0.425537886128131	-0.81137945580103	-0.207976103205153	-0.29575470464977
DNAJB5	1.6685975875822	0.180382625077329	-0.457625361611386	-0.749940981100251	-0.641413869947889
DSN1	1.41659531031687	0.254693337894064	-1.26856148508939	0.143633668435844	-0.546360831557393
EFNA5	1.27325385132835	0.780911383753251	-1.14787095505269	-0.310476802624438	-0.59581747740447
ELF5	1.74576301730318	-0.228674999253735	-0.719894864582556	-0.577499000016657	-0.219694153450236
EPX	1.78183202650616	-0.310248886272796	-0.461901543940203	-0.451274210414352	-0.558407385878808
FAM161A	1.64011516950348	-0.318132687464933	-1.03042586017929	0.0828411750396233	-0.374397796898885
FAM19A1	1.35862994015992	0.75163018534505	-0.517467012879207	-0.633747100508331	-0.959046012117437
FBLN5	1.73089818365282	-0.450357502521224	-0.406692787770758	-0.793270339786825	-0.0805775535740081
FBP1	0.526640438223533	1.39379210626895	-1.2397720831582	-0.26513294567709	-0.415527515657192
FLT4	1.50905652294906	-0.18748649140305	-1.08708906388072	-0.606292593110681	0.371811625445393
FMN2	1.75736354521746	-0.172574101551825	-0.593970582148552	-0.357153348094116	-0.633665513422964
FRMD3	1.65947503161972	0.174910443021462	-0.831114815550684	-0.605368429443409	-0.397902229647093
FSCN1	1.74884419570571	-0.0823025103071777	-0.622174876748586	-0.556225166776739	-0.488141641873205
FZD1	1.77662784677647	-0.365037226063135	-0.642299127424419	-0.35391752075178	-0.415373972537136
FZD6	1.61686958880898	-0.734316275738574	-0.86969311622654	0.205776794994443	-0.218636991838306
G6PC	0.947870357633465	1.08477176674854	-1.26952108907701	-0.276795670706372	-0.486325364598629
GC	0.485652222233462	1.39781974652507	-1.24788748724895	-0.477534029063118	-0.158050452446467
GDF10	1.71514267648635	-0.0652111054696061	-0.739533775417595	-0.239895817330006	-0.670501978269143
GNMT	0.429425965735788	1.47966235689444	-1.15911955513927	-0.348452041884297	-0.401516725606662
GP2	0.547342276691946	1.39857028260527	-1.21084839512235	-0.303876375109642	-0.431187789065225
GPX3	0.527921030409444	1.43097673043544	-1.16580791380734	-0.397299234756628	-0.39579061228091
GRB14	1.56098447820308	0.270759097510192	-0.928692727682194	-0.120016472092735	-0.783034375938341
GTDC1	1.73402663371674	-0.0399341200770652	-0.54201012474556	-0.445398535089636	-0.706683853804482
GTF3C6	1.75943324696138	-0.186191787416394	-0.613705551822101	-0.607709706904698	-0.351826200818187
HMGCS2	0.897857067193388	1.09267519641866	-1.18637095270519	-0.768891136233356	-0.0352701746735005
HPD	0.55532886161219	1.38848598852059	-1.22463599514854	-0.307752752247522	-0.411426102736715
HRH2	1.61582328480945	0.225047584946797	-0.853862626438067	-0.246224244030014	-0.740783999288161
IPO11	1.66237047532096	0.175227860052572	-0.783251519164689	-0.392056693476068	-0.662290122732772
ITIH4	0.624834312026486	1.24235512390789	-1.38259424382593	-0.378592745355821	-0.10600244675262
KLF8	1.40644377370551	0.384741763816205	-1.15820306814422	0.0910145543819592	-0.723997023759453
KLHL40	0.937893922899387	1.20196036672718	-0.972518851944448	-0.739419663907359	-0.427915773774757
KLKB1	0.964447699729721	0.933438895396632	-1.44407802633187	-0.298318597936469	-0.155489970858011
KMO	0.428008051915792	1.37567374767238	-1.34913501206356	-0.206546893092067	-0.247999894432543
KNG1	0.577937259351484	1.35956110242763	-1.25681267943401	-0.396634593490983	-0.284051088854121
KRT8	0.557238459079806	1.42627779443407	-1.12502000485807	-0.531812828338945	-0.326683420316862
LIMS2	1.53384780040417	-0.0812860792967772	-0.406366075249042	-1.20438610504184	0.158190459183487
LOC101537670	1.66197025799846	0.0956264253910822	-0.923731724041619	-0.2991089568095	-0.534756002538425
LOC101538051	0.576972116457459	1.43018622446953	-1.08467131363354	-0.362078187583773	-0.560408839709673
LOC101538192	0.703823195205318	1.3276865313129	-1.00629887917085	-0.831756884175924	-0.193453963171443
LOC101538378	0.577034577403535	1.47030675588588	-0.950147456030366	-0.532291268930024	-0.564902608329029
LOC101538583	0.776412314712949	1.3309529533057	-1.01381583296946	-0.54723678957969	-0.5463126454695
LOC101538594	0.257645987634338	1.51785018014886	-1.18234917948146	-0.129408727241406	-0.463738261060337
LOC101538853	0.691248433832829	1.38017995414465	-1.02610562353766	-0.617625336742877	-0.427697427696933
LOC101539405	0.623903043502985	1.37210046807813	-1.13265387844421	-0.622061521637309	-0.241288111499599
LOC101541159	0.679629064217735	1.37112707396644	-1.09653631167278	-0.462022490743791	-0.492197335767598
LOC101541578	1.4265199789182	0.192923711964448	-0.816880682555045	-1.08629006265397	0.283727054326359
LOC101541669	0.829795717946383	1.28266686916208	-1.02950727595071	-0.641286059568563	-0.441669251589194
LOC101541932	0.551569565276667	1.4162256724891	-1.16796500481754	-0.344826978023705	-0.455003254924518
LOC101542103	0.657475700355221	1.3020432450457	-1.28152452489368	-0.350524708894322	-0.327469711612923
LOC101542200	0.839633250314375	1.2895265937608	-0.993763084804095	-0.565553647812472	-0.569843111458612
LOC101542466	0.586853966344827	1.39595649006696	-1.17500260820031	-0.403829992612512	-0.403977855598962
LOC101542879	0.630660962776591	1.37949974833474	-1.14543269735703	-0.350651519111329	-0.514076494642972
LOC101542897	0.735356641741816	1.29807666420571	-1.19152912302684	-0.428184161011266	-0.413720021909423
LOC101544097	0.462824965016889	1.46931436950597	-1.10258379099182	-0.597993654348027	-0.231561889183011
LOC101545335	0.770172880733902	1.2845686193758	-1.16672382786759	-0.468350285090273	-0.419667387151843
LOC101545575	0.730326353668538	1.01380738685588	-1.55119349975811	-0.012792890659789	-0.180147350106519
LOC101545806	0.552638053111074	1.40128658897816	-1.18976774967526	-0.490411039465746	-0.273745852948229
LOC101545907	0.855698566455237	1.26109701534764	-1.05370032352623	-0.499577757670902	-0.563517500605747
LOC101547361	0.449868183334485	0.963681876228691	-1.66776477203056	-0.0390009882407813	0.293215700708164
LOC101548163	1.47008261120355	0.484320456028076	-0.58219749846465	-0.28369576194623	-1.08850980682075
LOC101548803	-0.0489211285388051	0.708255872153386	-1.43302671609974	-0.369168279344769	1.14286025182993
LOC101549253	0.628166420687023	1.42855312345875	-0.994820140659864	-0.456248170456406	-0.605651233029508
LOC101550374	0.909514004940201	1.05565829544488	-1.35753656059329	-0.428022798526791	-0.179612941264998
LOC101551403	1.06820264930686	1.05912529710395	-1.09823682007775	-0.486632135170004	-0.542458991163064
LOC101552423	0.87755571915538	1.05135065677326	-1.378005714423	-0.0832105873671131	-0.467690074138529
LOC101553008	0.585799257704967	1.38923543057312	-1.19155140232628	-0.383186701597601	-0.400296584354204
LOC101553347	0.707356101655168	1.25626077846605	-1.30444429212988	-0.365828812459819	-0.293343775531524
LOC101553367	1.60220763287098	0.214132416510293	-0.771246268902212	-0.171728777055635	-0.873365003423432
LOC101553831	1.30656666198487	0.581931236886797	-1.21260706424408	0.0194125900847245	-0.695303424712311
LOC101553867	1.70157313543504	0.0201826453139427	-0.767575448420083	-0.650063290196733	-0.304117042132163
LOC101553886	0.714599058071899	1.34915640270316	-1.09568822328118	-0.481257249151832	-0.486809988342046
LOC101554265	0.644830770785042	1.36023829789475	-1.15685078459653	-0.558094558115478	-0.290123725967787
LOC101556769	1.15712843396712	0.951449236184229	-1.12084681268847	-0.570332537226466	-0.417398320236414
LOC101557143	1.4604068419435	0.163745458374236	-1.31951517700126	0.010280777329494	-0.314917900645962
LOC101558495	0.802162070437955	1.20865015807864	-1.26683809071918	-0.455871814754152	-0.288102323043265
LRRTM4	1.50348935991705	0.389884667837295	-0.93047959573135	-0.122187860727051	-0.840706571295946
LSM11	1.72814082005581	-0.0123685029266312	-0.513554621468944	-0.484974694626221	-0.717243001034014
MAPRE1	1.64171084448438	0.139418596771443	-0.968089394628933	-0.500418434573001	-0.312621612053886
MAT1A	0.501370517244213	1.39348595280195	-1.26932170815618	-0.312633554533582	-0.312901207356401
MEST	1.53195209667432	0.358805500647611	-1.07690727711194	-0.536300449187935	-0.277549871022056
METTL15	1.4274467239818	0.148015834512535	-1.10616838844335	-0.785446572277384	0.316152402226397
MPZL1	1.76812499577025	-0.299595292900964	-0.655796406726885	-0.515086534474044	-0.297646761668357
MTTP	1.59704053216463	0.276385279302958	-0.979886350995115	-0.529501439485822	-0.364038020986648
MYBPHL	1.75516468819788	-0.578677247531012	-0.667807711823303	-0.322107435037525	-0.186572293806037
MYH1	0.236730640108008	0.86119888128189	-1.34661740066939	-0.699668753368385	0.948356632647877
MYOCD	1.71494533220789	-0.456077082801388	-0.837690247442836	-0.0366122830683839	-0.384565718895278
MYOZ1	0.305904629345725	0.971913001307771	-1.42579399928589	-0.603496296833487	0.75147266546588
NAV3	1.58064325637628	0.331823854734361	-0.604781444923684	-0.361714155451231	-0.945971510735728
NEB	0.383941833726999	0.929225673922786	-1.35945997596892	-0.731812504005687	0.77810497232482
NES	1.03883133435947	-0.37962885768179	-1.45592776614194	-0.0137053930414474	0.810430682505706
NREP	1.70142605638675	-0.0253493487130986	-0.818015964266569	-0.245696594557993	-0.612364148849095
NRGN	1.46104652627401	0.487644824304593	-1.13983635108579	-0.42887602764445	-0.379978971848363
NTM	1.53994436236137	0.374118436121413	-0.762614633995106	-0.226360919581397	-0.925087244906276
NXPH3	1.61237116600142	0.216051649528804	-1.00360535911371	-0.356752314666566	-0.468065141749946
OLFM2	1.61150462397024	0.311758795169508	-0.509581957496881	-0.553644954681433	-0.860036506961436
OTC	0.599915429448566	1.37864712167998	-1.16670940657397	-0.249929796920771	-0.561923347633804
PAK7	1.1768967218154	0.966672125291768	-0.73334303434237	-0.432809141396018	-0.977416671368781
PCK1	0.6092069591849	1.33585472143044	-1.25172361286504	-0.483029224203773	-0.21030884354653
PDGFB	1.72896063224416	-0.0423035649607749	-0.762307394767293	-0.479230889205441	-0.445118783310651
PIGR	0.609456441405731	1.37406358953319	-1.19546108136092	-0.41484349523955	-0.373215454338451
PLG	0.506539550950104	1.37071761554834	-1.3035378612684	-0.306392002598217	-0.267327302631822
PLIN1	1.26551524021271	0.561673278252275	-0.901269365009634	-1.11182192638826	0.185902772932913
PON1	0.740503748052888	1.31745795983552	-1.11852227006964	-0.578332392845906	-0.361107044972859
PPP1R14C	1.55398250532963	0.437229377973856	-0.782512977645301	-0.444402959099017	-0.764295946559166
PRADC1	1.64052538660586	0.16811617068548	-0.248331045660693	-0.807179823011241	-0.753130688619409
PTDSS1	1.76072061220993	-0.261559626290367	-0.72891655241524	-0.343337628823151	-0.426906804681177
PTPRD	1.53889524751448	0.29152715808244	-0.640450181302937	-0.132049857760293	-1.05792236653369
PVRL1	1.70185950240188	0.072664628117217	-0.476160598567433	-0.769163514016733	-0.529200017934936
PVRL2	1.6432372153931	-0.497271307259742	-0.774544930157118	-0.623658020463533	0.252237042487294
PXDN	1.4742716934303	-0.803154533213435	-0.996006542927428	-0.0989555579517864	0.423844940662351
RBP4	0.585991602138063	1.38969193957627	-1.19021389260387	-0.40456191879454	-0.380907730315922
RCN3	1.61508729609902	0.297500530928569	-0.533680707246273	-0.873136629739372	-0.505770490041943
RGS7	1.19787007259088	0.927347708588388	-0.906936027683403	-0.344098103967431	-0.874183649528435
SARAF	1.23244647985762	0.703272692594716	-1.2452950015222	-0.659362356369516	-0.0310618145606233
SATB1	1.68360314660276	-0.0200985573369722	-0.720177244299014	-0.154261727266374	-0.789065617700404
SERPINA1	0.628152787728755	1.35695020488033	-1.16579035735386	-0.595944350388902	-0.223368284866321
SERPINC1	0.412032915280899	1.39643405551247	-1.32210438473275	-0.326747191101083	-0.159615394959534
SH3BGRL3	1.66562155475121	-0.0562300828638848	-0.987796659600461	-0.474520828536951	-0.147073983749909
SIRT3	1.16119315881189	0.37725651866233	-1.53334913964348	-0.283740040481453	0.278639502650709
SLC27A2	0.988189865872852	1.0858951576002	-1.21422971351754	-0.441825584806234	-0.418029725149277
SLC37A3	1.61328397444212	0.122350426552437	-0.707198462794936	-0.0938756766399234	-0.934560261559701
SMAP1	1.44224765132919	0.647151773621398	-0.71676166203637	-0.535816722203638	-0.836821040710577
SNX4	1.5243227250148	0.252536734618613	-1.20341012809541	-0.281855202333452	-0.291594129204551
SRD5A3	1.32960425641389	-0.415642989323029	-1.25981956046701	0.627043186478106	-0.281184893101957
STMN2	1.59556145399485	0.290971752206497	-0.416790115380732	-0.975425810761356	-0.49431728005926
SULT2B1	0.724163834370533	1.14734392597341	-1.31208714566693	-0.654637144624457	0.0952165299474526
SYNPO2	1.38863083300899	-0.207687039690161	-1.27596176204092	-0.397450495693543	0.492468464415631
TASP1	1.36599050448075	0.731757027068384	-0.703543666720201	-0.440464351699582	-0.953739513129355
TBC1D7	1.76066318890018	-0.161457709611415	-0.576392152797612	-0.608089337568031	-0.414723988923118
TLL2	1.71163563216044	0.0457359494058333	-0.72394320524249	-0.445542505807539	-0.587885870516244
TMEM9	1.46765977160909	-0.585638945200273	-1.05580132148528	-0.345073616679893	0.518854111756357
TMEM98	1.63343806329128	0.273085036411354	-0.7247795813301	-0.460986534548042	-0.720756983824495
TMPRSS6	1.06143322897626	1.00396482040535	-1.23004002901543	-0.375821180938372	-0.459536839427806
TNC	1.37665162509803	-0.843956091859677	-1.01998014334406	-0.0980342815672914	0.585318891672999
TNNI2	0.283485747836016	0.98380706924801	-1.38442174124237	-0.658469822739102	0.775598746897443
TRAF3	1.67359361544871	0.16775339803198	-0.461542455246597	-0.635169015368301	-0.744635542865794
TTC36	0.561135689541257	1.31503615750844	-1.32324342493938	-0.115267807971073	-0.437660614139239
UCK2	1.62500130592259	-0.0522545761146323	-1.11949172745961	-0.244771902480775	-0.208483099867571
UCP1	0.714105662089148	1.33285401252403	-0.973218440319053	-0.845041862546446	-0.228699371747684
UGT1A1	0.620798325536737	1.32364459616759	-1.22868638009075	-0.577821999968709	-0.137934541644862
VEZT	1.44585991268168	0.550719038838275	-1.09454034044366	-0.425113047930936	-0.476925563145362
VSTM2L	1.12584229877125	0.791768768532006	-1.36828047070595	-0.477775904595473	-0.0715546920018342
VTN	1.09517139578867	0.881341857346936	-1.28669296913755	-0.600185812009864	-0.0896344719881927
VWDE	1.70004720650719	0.113376897199446	-0.594440740538403	-0.627728470997183	-0.591254892171054
WNT2B	1.74911874937447	-0.0773988205139692	-0.60205745958018	-0.538764391144472	-0.530898078135846
ZBTB47	1.71967135160615	-0.029696957054457	-0.746367728247697	-0.331113999706857	-0.61249266659714
ZNF800	1.29934408871855	0.612256330618561	-1.24889417581244	-0.611995848149562	-0.0507103953751099
ADCY10	-0.877496436309507	-0.82988226803431	0.0711521318729364	1.59193952686262	0.044287045608263
ADGRG1	-1.1303575272016	-0.753247339526215	-0.105019022711238	1.282902332848	0.705721556591056
ALOX5AP	-0.448568322306952	-0.452153438079429	-0.419939629978583	1.78858624731346	-0.467924856948498
ANKRD24	-1.49181529907504	-0.541706008297057	0.562927206954577	0.938805243654925	0.53178885676259
ATPAF1	-1.53447725070749	0.0519069758465241	-0.172208273745307	1.17659087861617	0.478187669990103
BCL11B	-1.22310683950835	-0.758328774353637	0.259870244051837	1.29639772374491	0.425167646065247
C1QC	-0.962773486664453	-0.917711710433656	0.598312162718591	1.36596965977445	-0.0837966253949327
CACNA2D2	-1.01402736721465	-0.913555418500902	-0.102212932715096	0.832302428038309	1.19749329039234
CAPG	-0.89120452099687	-0.894587075416299	0.350818629871319	1.50894748920713	-0.073974522665282
CDKN1B	-1.32265076397188	-0.68505206786035	0.222595781789574	1.15565630793927	0.629450742103388
CLGN	-0.902821500623194	-0.166034936785454	-0.489666521375928	1.70204951818923	-0.143526559404654
CSF1	-1.08654357961506	-1.01942940921007	0.280380776701597	1.04542319003792	0.780169022085619
FAM210B	-1.17498910794189	-0.698741356362883	-0.175752213109388	1.03116979897579	1.01831287843838
FOXN4	-0.511904209163175	-0.551615172208733	-0.616422920497752	1.74622566725726	-0.0662833653876011
FOXP2	-1.05225277355675	-0.7586513380645	0.0672056961112145	1.50131467943682	0.242383736073217
GBX1	-1.05371154932909	-0.439329582337902	-0.597176781684133	0.766221956562886	1.32399595678824
IGF1R	-1.24948699625097	-0.252120324354082	0.138934873376239	1.5261665586489	-0.163494111420087
KDM2B	-1.26946527254663	-0.512522315484658	-0.0733541270876788	1.37446584971879	0.480875865400178
KLHL34	-1.30629420877856	-0.390243539476447	0.531370970243797	1.35074466819772	-0.185577890186507
KMT2A	-0.804996730353997	-0.758220517296834	0.190269245239444	1.63473198744224	-0.261783985030857
LAMA3	-1.17337715954922	-0.945475154697285	0.321087550360346	0.827515424719792	0.970249339166365
LCP1	-0.553812164335386	-0.571650653040002	-0.102329175002787	1.75457556758115	-0.526783575202975
LOC101536990	-0.910004210097376	-0.46802349774843	-0.643315177095973	1.50870678098914	0.512636103952638
LOC101539163	-0.760183969452622	-0.513183338756059	-0.600659411123947	1.65881090498369	0.215215814348942
LOC101540504	-0.456246319056844	-0.456246319056844	-0.456246319056844	1.78863274488618	-0.419893787715644
LOC101540584	-0.942534541064646	-0.0894665919929691	0.300623509239297	1.53739552845533	-0.80601790463701
LOC101541581	-0.693126791269596	-0.499839614678263	-0.188376539702361	1.7584251249761	-0.377082179325879
LOC101542112	-0.317352032492909	-0.634940940873506	-0.635411725223224	1.75092771820845	-0.163223019618811
LOC101542682	-0.422311729033675	-0.598120391369895	-0.109184717050295	1.75097164501182	-0.621354807557949
LOC101546064	-0.656592466372247	-0.518621384097994	-0.416338905088584	1.76015701381108	-0.168604258252254
LOC101547102	-0.997082385417105	-0.516924014379885	-0.641511263030642	1.12220757758403	1.0333100852436
LOC101547225	-0.664334198407702	-0.664334198407702	-0.664334198407702	1.58384725452067	0.409155340702437
LOC101549225	-0.788754616327849	-0.432413712658814	-0.470880718361046	1.7228485927113	-0.0307995453635925
LOC101550829	-0.406142346324237	-0.408648185623051	-0.41925578568532	1.78553599230324	-0.551489674670628
LOC101551380	-0.52166334540183	-0.52166334540183	-0.52166334540183	1.77219324369509	-0.207203207489604
LOC101551523	-0.399537955775918	-0.688995291555071	-0.189683608398263	1.75999108757508	-0.48177423184583
LOC101552691	-0.540619860626395	-0.540619860626395	-0.329242346642299	1.78049216225276	-0.370010094357669
LOC101553461	-0.544731759602663	-0.334541820758959	-0.645428438481303	1.76544948113578	-0.240747462292858
LOC101553574	-1.21518036318009	-0.444250107109396	0.527569227846017	1.40470779694599	-0.272846554502523
LOC101556259	-1.01482693420073	0.288475152860463	-0.534280713446615	1.58080437345961	-0.320171878672736
LOC101558332	-0.927308184211938	-0.898125705481139	-0.294271809183729	1.04765190599346	1.07205379288335
MAP3K1	-1.18366372161817	-0.746462856631933	0.50101562801302	1.33485285712046	0.0942580931166209
MBNL1	-1.2322668162463	-0.21862834595561	-0.388551976140531	1.46330641215935	0.376140726183089
MICAL1	-0.799341235290359	-0.768134906841992	-0.250421943938219	1.63556258501617	0.182335501054401
MMP14	-0.447487332765257	-0.561674556756246	-0.927466815211839	1.58020352369982	0.356425181033518
MYH6	-1.03855736178876	-0.803725093238835	-0.257214163687578	0.998161349896624	1.10133526881855
N4BP2L1	-1.19765256729776	0.202850037500275	-0.793047571935757	1.27951015550906	0.508339946224177
NAB1	-1.30506357588602	-0.713183415748508	0.157257004490071	1.05660376965411	0.80438621749035
NCS1	-1.2495726955626	-0.42190818041289	-0.334762096167982	1.2638804486567	0.742362523486769
NOTCH2	-0.4869860582393	-0.841714010942562	0.0467933335492901	1.69701445680896	-0.415107721176392
NPTX1	-1.33734793058702	0.429523900893519	-0.36354093589166	1.37279281415016	-0.101427848565005
OPN4	-0.80303667470114	-0.328033864272988	-0.748435630003479	1.61839079015506	0.261115378822546
OXT	-1.02102368169209	-0.963213195853946	0.115354158827631	1.30190774600958	0.566974972708823
PCBP3	-0.853647328786	-1.18633734563219	0.122994068613759	0.883209487075136	1.0337811187293
PDZD2	-1.24687994612937	-0.848423422081648	0.450033127963246	1.11373750659369	0.531532733654074
PFAS	-0.841652555902441	-0.953421117979543	0.537665683561122	1.43585557094806	-0.178447580627199
PFKFB2	-1.28065002557372	-0.413769381824393	0.514974040742739	1.37329988487243	-0.193854518217047
PNPO	-1.24692443122432	-0.207714548625894	-0.407860131854222	1.43186556208804	0.430633549616392
POU2F1	-0.990950298341205	-0.706709671658701	0.275136020717049	1.55716147315288	-0.134637523870028
PPP1R32	-0.997698676882426	-0.13213726602447	-0.219197297880493	1.68177634243709	-0.332743101649698
PRDM16	-0.433373583797328	-0.476589041160427	-0.322970188386889	1.78280229718903	-0.549869483844388
PRRC2C	-0.634931126585784	-1.2135082682998	0.349100657321883	1.41238369386409	0.0869550436996127
PURB	-0.911837067883192	-0.706757373882839	0.282211693888261	1.58918114356623	-0.252798395688461
RIMS2	-0.990642727283121	-0.5876779622869	-0.0920290976155274	1.63196785256645	0.0383819346191002
RPS6KA2	-1.39012317015245	-0.538717010364623	0.19785989756798	0.519046318103262	1.21193396484583
SAMD11	-1.27407319642895	-0.631446139023131	-0.0707146103089922	1.0887708435308	0.887463102230277
SHISA3	-1.26671333867607	-0.556344828858628	-0.195861620751831	1.07851573666008	0.940404051626446
SLC16A12	-1.54110310834107	0.777015611741084	-0.391309635297683	0.894442509613615	0.260954622284054
SLC16A3	-0.569704102234666	-0.581601823382122	-0.382017886405604	1.7705787185869	-0.237254906564512
SLC2A11	-1.21812630313864	-0.121909043810645	-0.462133790925482	1.4772061069698	0.324963030904973
SMG1	-0.861833724941505	-0.529328475537605	0.67740278000605	1.42070610914322	-0.706946688670156
SORCS1	-1.1278832188528	-0.606700178647374	-0.314345581112796	1.30900465676474	0.739924321848232
SP8	-1.16089432184511	-0.652233067643986	-0.0390019902318888	1.43114073568164	0.420988644039344
SPI1	-0.475486860298384	-0.789964635849725	-0.0577095802652833	1.72721652367929	-0.404055447265894
SRRM2	-1.03426284853102	-0.431190796283901	0.485247114963692	1.49720496639039	-0.516998436539158
SV2C	-1.02491286908423	-1.05238606683211	0.263106963807044	0.654939638834781	1.15925233327451
TET2	-0.619939551302376	-1.15874585734336	0.217743689734668	1.49015429292528	0.0707874259857921
TNRC6A	-0.73000959955037	-0.61208243418544	0.0314842168307064	1.71185570499404	-0.401247888088939
TRAF3IP3	-0.97887525787174	-0.767685018892724	-0.294283581956208	0.644032312841566	1.39681154587911
TWIST1	-1.29867277498328	0.100281165163301	-0.625712949529436	1.26432865874534	0.559775900604078
TYROBP	-0.725393636693117	-0.624728620392811	-0.6688396712059	1.55632101524975	0.462640913042081
UNC80	-1.05006451676652	-0.029477842808655	0.0303296450905052	1.60746184619776	-0.558249131713095
UNK	-0.821382646951929	-1.20020502562649	0.150088890250788	1.17139522991716	0.700103552410475
XRN1	-0.769071371106955	-0.472328455060057	-0.0537009846974713	1.73011869560516	-0.43501788474068
ZFHX3	-0.794010149923876	-0.939427270406036	-0.117309775627298	1.54207048880337	0.308676707153838
ZNF395	-1.18573163764191	-0.831763456035285	0.0722778063186497	1.02286204104589	0.922355246312659
ZNF532	-0.578266148956404	-1.17809940886076	0.169022591011856	1.49698242473925	0.0903605420660555
AAGAB	1.55874442568008	0.405443314476706	-0.37737067791584	-0.840993776193218	-0.745823286047729
ACOT12	0.67407184456306	1.37339181502146	-0.676270318710487	-1.04753239525703	-0.323660945617001
ACSL5	0.93679067510361	0.920837986027894	-0.880848985366157	-1.20307033713122	0.226290661365872
ADCYAP1	1.45659911007605	0.081380912172537	-0.152139629572049	-1.35935583306037	-0.0264845596161746
ALDH9A1	1.21712020401558	0.632342775276581	0.0542406141657349	-1.34157945384045	-0.562124139617451
ARPC2	1.35761389104593	0.729357691749291	-0.58352388391608	-1.02943256877718	-0.474015130101966
ATP10A	1.53666313568775	-0.266106394000657	-0.132480091223467	-1.24086180977013	0.102785159306508
BAG2	1.01825527867088	1.10805029749434	-0.784624061121888	-1.00227036127313	-0.339411153770209
BRINP1	1.73326125989747	-0.379638910430599	-0.314586158410483	-0.845797997146245	-0.19323819391014
C1QTNF6	1.78004003455927	-0.496991020941085	-0.274924703949123	-0.485134717662534	-0.522989592006527
CA4	1.55076595305135	0.410888696255885	-0.649750328264839	-0.923882632174515	-0.388021688867887
CCDC112	1.67709701306872	0.0860362280057855	-0.338235287650328	-0.871151808410851	-0.553746145013324
CCDC24	1.7714501918844	-0.353225084422399	-0.312123160953905	-0.671466833190845	-0.434635113317254
CDC5L	0.964996109523828	1.11186266869509	-0.255547883706356	-1.143735376105	-0.67757551840756
CDK16	1.57129101137898	0.410050990607294	-0.587713071465952	-0.849122197004234	-0.544506733516089
CLNS1A	1.60896054297477	-0.114477198970858	0.0294775139731127	-1.10552349027272	-0.418437367704303
CNTD2	1.33368332154772	0.767136003983252	-0.674008997586968	-0.996785795302052	-0.430024532641948
COL11A2	1.63554279451086	-0.350099922884769	0.229226656004695	-0.720098608469149	-0.794570919161641
COL5A2	1.68575117258215	-0.643886369870797	-0.551862811729674	-0.644406671639371	0.154404680657691
CORO2A	1.32223764855261	0.835703485042194	-0.707204197695393	-0.704988575788586	-0.745748360110827
CXCL14	1.63175932722631	-0.0266653818214701	-0.484464692428635	-1.04716134564069	-0.0734679073355112
DAAM2	1.21781342641687	-0.743818672231196	0.837627487751472	-1.10406773289418	-0.207554509042964
DDX4	1.5852524152225	0.250109545180237	-0.168376118571278	-0.891149575789857	-0.775836266041606
DFNA5	1.48455732612149	0.383918546294281	-0.0941806434757777	-1.06848200440362	-0.705813224536371
DIO2	1.69861804400817	-0.450475177307006	0.0954196737353015	-0.678253944793059	-0.665308595643403
DNAJA4	1.20470852584859	0.892978423392786	-0.273505761863169	-0.991598452225313	-0.832582735152891
EHD2	1.54903072245968	-0.295597219246143	-0.494809893272167	-1.07950263024254	0.320879020301171
EVA1A	0.822822880933434	-0.185988070332117	0.232246592484008	-1.62969366706459	0.760612263979268
FAM20A	1.43821458403886	0.615268283599543	-0.592350977984041	-0.990037396872749	-0.471094492781618
FCRLB	1.4474894964542	0.101156881796767	0.310278198167867	-1.11717029583651	-0.741754280582323
FLOT2	1.30615204902651	0.796947275268988	-0.454400768445257	-1.04028716583531	-0.608411390014928
FMO2	1.02168579786551	-0.0918005977705112	-0.0970261190214804	-1.55473740496826	0.721878323894737
FOXP3	1.66729126886387	-0.732233326428544	-0.367253352020823	-0.724298781012522	0.156494190598016
GALNT18	1.55042300592924	0.363509234221372	-0.476817561286164	-1.03796714866359	-0.399147530200858
GATSL3	1.42387579087562	-0.476622582626748	-0.340885890338969	-1.15329094440242	0.546923626492511
GPATCH11	1.25212526482866	-0.0706824320704666	0.594757403721788	-1.38609926766533	-0.390100968814656
HAPLN1	1.61373692147778	0.265905463263577	-0.432363752337237	-0.510447737306373	-0.936830895097751
KIAA0226L	1.44707324430279	0.553219042278747	-0.771428132537357	-0.967824775493449	-0.261039378550736
KIFAP3	1.38083105157518	0.715941165701873	-0.426612031707123	-0.879904784253196	-0.790255401316737
KNOP1	1.75028052815145	-0.740985790994037	-0.371278556083045	-0.47079419078246	-0.167221990291912
KREMEN2	1.54386858065737	-0.425742299968369	0.259263392320854	-1.14662203455165	-0.230767638458201
LGI4	1.51497467842584	0.393607573035798	-0.238640676403177	-1.05703271322662	-0.61290886183184
LOC101542476	1.71111511627882	-0.354556680821344	-0.00364153618226242	-0.801296925215188	-0.551619974060027
LOC101543211	0.709459334340031	0.693784271807351	-0.782357057077859	-1.36175155923133	0.740865010161807
LOC101559433	1.6039121087773	-0.180113048517088	-0.801188302145133	-0.840125038070376	0.217514279955291
LOC105943250	1.70812332309958	-0.151389339430246	-0.190869584895837	-0.89526684638692	-0.470597552386577
LRRC4C	1.69268292780531	-0.0915849785493567	-0.114830915345273	-0.676968154201389	-0.809298879709285
MEGF6	1.67971150824268	-0.144860018085255	-0.0419383439564398	-0.890385667611957	-0.602527478589027
MFSD2A	1.5401386249997	-0.338574025719449	-0.138862348043016	-1.21303648404866	0.15033423281142
MKKS	1.45106297266135	0.536189803800014	-0.363163986180778	-1.09150500368456	-0.53258378659602
MPP6	1.57979670593924	0.0439200962938772	0.00783447680639953	-1.10841212558267	-0.523139153456839
MTX2	1.56361214000112	0.409325698852354	-0.706392974110935	-0.841251477979231	-0.42529338676331
NPL	1.50482116896609	0.252293463643453	0.0420915681178362	-1.06009933265557	-0.739106868071811
PEBP1	1.33471319387527	0.609536527360905	-0.470659075461912	-1.25629087192327	-0.217299773850996
PLOD1	1.66914292097009	-0.718006791005048	-0.227043442936003	-0.80063745306951	0.0765447660404685
PPP1R17	1.22074667508006	0.92636690079142	-0.452629818284277	-0.921775648440583	-0.772708109146625
PRRG4	1.59031429544687	0.330477343640196	-0.344637939050871	-0.768333307583821	-0.807820392452377
PSMB9	0.517138430785166	1.01809206466867	0.433509884428494	-1.51829725877966	-0.450443121102672
RALGPS2	1.43431958341243	0.64904042911675	-0.792538836280563	-0.818970941420566	-0.471850234828055
RHOU	1.55015383106692	0.228164766431568	-0.344342620840827	-1.16322141829829	-0.270754558359364
ROBO3	1.4060912327186	0.157275780878836	-0.510200802434946	-1.29576688760229	0.242600676439797
SEPW1	1.33790842522346	-0.116349272887804	0.170438081204228	-1.47013897994662	0.0781417464067439
SERPINH1	1.61899005017278	0.0898726391471039	-0.437748665330073	-1.06643100818419	-0.204683015805621
SETD8	0.975979143324903	1.08326746415548	-0.750208912896901	-1.13117021726081	-0.177867477322667
SH3RF3	1.60605271894581	0.202972795159293	-0.314168316506005	-0.461600016701072	-1.03325718089803
SIRT2	1.74790630111609	-0.685624901288787	-0.282229493458499	-0.603155118197971	-0.176896788170835
SLC25A20	1.58793376353075	0.0664066275224523	-0.722303705198255	-0.974932720808122	0.0428960349531757
SLC2A1	0.494515778118399	-0.172612933091639	-0.642784963487019	-1.11647000741912	1.43735212587938
SLC33A1	1.45918577740792	-0.0417367963728782	0.123328635049506	-1.3478085528996	-0.192969063184955
SLC36A1	1.72998042822757	-0.018464728577601	-0.434037241875127	-0.673830818863912	-0.603647638910928
SRD5A1	1.57092318242323	-0.112987245016471	0.205668564901885	-1.04784010518605	-0.615764397122597
STX1A	1.3533837665048	0.705825758271871	-0.275786376286799	-0.848092823167872	-0.935330325322002
TLE1	1.6518014515647	0.0511505472316613	-0.507675483411237	-0.982903241537583	-0.212373273847545
TMEM100	1.25380239688062	0.593985909163078	0.12771884215468	-1.21963063242895	-0.755876515769427
TNS3	1.35673130953653	-0.0927901847794744	0.592348495272901	-1.12421599449184	-0.732073625538125
TP53INP1	1.18796094967371	0.288282151250072	0.441651355988335	-1.44445041544227	-0.473444041469841
TRIM24	1.53564120505668	0.216260609848837	0.0330180383158796	-0.870348776779684	-0.914571076441712
TRPM6	1.65240743548622	0.20203657331528	-0.521509556183242	-0.851401735682117	-0.481532716936143
TSC22D3	0.680398162583052	0.179708952288732	0.870599429133245	-1.65565292912089	-0.075053614884138
TSPAN6	1.38658707250103	0.736466893202857	-0.618563980609292	-0.853798795669073	-0.650691189425519
TXN2	1.72407271928916	-0.40073402384318	-0.13697562218164	-0.861970030491807	-0.324393042772539
WIZ	1.78189594404712	-0.553630198741758	-0.347996390648443	-0.370127922828642	-0.510141431828274
XPO6	1.48938963310117	0.426790188018599	-0.576944035597898	-1.09969229992708	-0.2395434855948
ZC3H15	1.46063610807812	0.358900272289738	-0.147789941103973	-1.23494890734137	-0.436797531922508
ZNF215	0.826891494101574	1.23312157401742	-0.421096325803169	-1.19048093175818	-0.448435810557646
ABAT	-1.24535748321088	-0.56904615201645	0.116979296568599	0.269504793977175	1.42791954468155
ACTA2	-0.630259700193909	-0.146803386701744	-0.981059184049055	0.146515098160878	1.61160717278383
ADCY5	-1.09224368561571	-1.02953074046571	0.471492219251962	0.539615630151293	1.11066657667817
ARHGAP10	-1.12636964319716	-0.626564140558215	-0.09760182425582	0.369866295953217	1.48066931205797
ARHGAP6	-0.621478222570998	-0.703495526837093	-0.578782026778733	0.254838721193249	1.64891705499358
AS3MT	-1.48551646764661	0.186968774346269	0.101615608156978	-0.119738162973738	1.3166702481171
AUNIP	-1.24748248000058	0.392333234571105	0.28882446621564	-0.728292168216134	1.29461694742997
CACNG5	-0.713285750875161	-0.99446934002735	-0.29163582957116	0.542300288739537	1.45709063173413
CIITA	-0.832135220879979	-0.95143151804057	0.0479471248017524	0.199288157665621	1.53633145645317
CITED1	-0.68035741869893	-0.590152600444892	-0.399835289687147	-0.0686909156998964	1.73903622453087
CLDN9	-0.805598011793251	-0.826008439986402	-0.21298175347942	0.243284585148236	1.60130362011084
CLIP4	-1.24612372915711	-0.74224318309468	0.222803322679104	0.503307162055887	1.2622564275168
CPT1B	-1.00079143641038	0.0954208827718641	-0.563273868204372	-0.158307523747887	1.62695194559077
CRABP1	-0.996574157632658	-1.0035218056189	0.304756047547346	0.362995339897207	1.33234457580701
CTBP2	-1.48805600477704	0.749627975107096	-0.427085670073557	0.157237188835521	1.00827651090798
CTPS2	-1.61177148364133	0.495677709402399	-0.0200584942377591	0.0627678317393767	1.07338443673731
DECR1	-1.31454182521354	0.462563882644072	-0.453367648726458	-0.0546138021919401	1.35995939348787
DLX5	-1.0960542389132	-1.00124971020982	0.482380214191792	0.447264617823607	1.16765911710762
DLX6	-0.919910010544277	-1.11544226112869	0.228082443335862	0.568656991447033	1.23861283689008
DNER	-1.23050919283959	-0.822625212493693	0.365734511579398	0.488936679030311	1.19846321472357
ECE2	-0.818764381147406	-0.753937185528101	-0.441225557656732	0.488035636220608	1.52589148811163
ESYT1	-1.12635708635852	-0.263883807566544	-0.253089208097556	0.0319296552135026	1.61140044680912
EYA2	-0.617004149939314	-0.442798397681621	-0.934387979726915	0.467115720847903	1.52707480649995
FADS6	-1.07692706384934	-0.79948840346881	-0.187352764825445	0.897021824497311	1.16674640764629
FAM117A	-1.51036460701026	-0.429173802532826	0.368808482241667	0.498143226767247	1.07258670053417
FASTKD5	-1.57649657505306	0.347164136675491	0.548146781362202	-0.315785022837438	0.996970679852803
FEZF1	-0.456425721316314	-0.540988116584896	-0.568741085099177	-0.204120688654032	1.77027561165442
FLVCR1	-1.50979737645254	0.524279508000246	-0.174781917085904	-0.0289257859637872	1.18922557150198
FOXP4	-1.19136693427154	-0.440295457068639	-0.269827920417542	0.447682073891091	1.45380823786663
GHR	-1.26357613272278	-0.572589480008556	0.308544255033961	0.126039724416052	1.40158163328132
GLRA3	-1.17958106736443	-0.943447204402748	0.342752904681995	0.799787993374494	0.98048737371069
GLS2	-1.26735847553073	0.180740493323765	0.0819721395498106	-0.459383713338918	1.46402955599608
GRB7	-1.19160720364891	-0.312716696221338	-0.332810522575042	0.333765427233806	1.50336899521149
HK2	-1.23484306502994	0.0296967615995051	-0.215862186433217	-0.13153247025165	1.5525409601153
HMG20B	-1.21614112298987	-0.741112149425513	0.11420155057404	0.560768510266428	1.28228321157492
HOPX	-1.16844116399948	-0.604774971840701	-0.115940999434987	0.459247328443109	1.42990980683206
HTR2C	-1.07998319766014	-0.791648590114263	0.409083156826338	0.0348349698024694	1.42771366114559
IGFBP2	-1.21582968733043	-0.435782641863379	-0.268900132571841	0.504536842848458	1.41597561891719
IGSF1	-0.342201783577853	-0.472952204480599	-0.606058158927157	-0.357566589568084	1.77877873655369
IRS4	-0.587558463386537	-0.535410693685266	-0.507997273354199	-0.127921115619422	1.75888754604542
ISCU	-1.50567853329687	-0.215970054216252	0.0623059892297	0.438712142375971	1.22063045590745
ITGB4	-1.41557540377892	-0.257399569650199	0.252921013170764	0.055181168569702	1.36487279168866
KARS	-1.23424878712804	-0.415467675242568	0.340475389861509	-0.161172623261935	1.47041369577103
KCNAB3	-1.51888908828311	0.769372660138186	0.0309651872040775	-0.289540555953614	1.00809179689446
LAYN	-0.931137172106733	-0.675041380680568	0.0469187362740523	-0.0746112010269119	1.63387101754016
LECT1	-1.08645627325371	0.428885895578041	-0.529221277089088	-0.315272780760452	1.50206443552521
LHX5	-1.14777384677328	0.0153110107280418	-0.0331473280668123	-0.417684422365471	1.58329458647752
LHX8	-0.933706497090053	-0.948857074553167	0.0478351168459345	0.39656677178987	1.43816168300742
LOC101538292	-1.5295096428306	0.207721400928958	0.0677454667807576	-0.0158436771687428	1.26988645228963
LOC101538999	-1.10205733200464	-0.182119190181789	-0.434973607531649	0.12290634214902	1.59624378756906
LOC101539171	-1.43293728676863	0.222946109406455	-0.0889750607833445	-0.0735011681445816	1.3724674062901
LOC101539497	-1.36548974951818	0.0299143925713326	-0.181802016892057	0.0693869197620278	1.44799045407688
LOC101543714	-1.39351134993855	-0.401984279558298	0.450362602573696	0.0444674556992751	1.30066557122387
LOC101548736	-1.07593910203695	-0.92274277480885	0.299852866948567	0.370885991694429	1.3279430182028
LOC101548788	-1.48948524401921	-0.0984425578603886	0.0981729712762954	0.173729400025067	1.31602543057824
LOC101549266	-1.5511232927348	-0.118256065982582	0.273485772017043	0.182690491398138	1.2132030953022
LOC101551598	-1.54435768842991	0.705818159934411	-0.465587489117976	0.494528264755879	0.809598752857598
LOC101554212	-1.53526336176085	-0.360525653429482	0.545168592534707	0.285636562025926	1.0649838606297
LOC101554385	-0.766310674941303	1.36254371167936	-0.825024017443297	-0.537296652246064	0.766087632951307
LOC101556609	-0.557843378085407	-0.585504307740778	-0.482637098782799	-0.133354172684205	1.75933895729319
LOC101558604	-0.912183162892456	-0.304367906707103	-0.72819142037959	0.400528769379965	1.54421372059918
LOC101558661	-0.842842401307556	-0.659152478342527	-0.360424327180026	0.227318152179499	1.63510105465061
LYSMD2	-1.35348140985111	0.181317407051251	0.212707331523195	-0.422959071545162	1.38241574282182
MAB21L1	-0.673433611348751	-0.402480478052441	-0.309020000657082	-0.386880456516028	1.7718145465743
MAPK8IP2	-1.64785048348095	-0.0986560436286632	0.238943681691872	0.552052867857716	0.955509977560023
MCMDC2	-0.673174376542373	-0.766217308439477	0.0125035035388475	-0.271844196086717	1.69873237752972
MORC4	-0.895638540853359	-1.01354372116409	0.197985810162906	0.277988625945913	1.43320782590863
MTHFD2	-1.24650201242116	-0.201798576689731	-0.0213575897783079	-0.0791446016065525	1.54880278049576
MTMR11	-1.51480051046822	0.18510172532806	-0.269130367721329	0.399065803536353	1.19976334932514
NFAM1	-1.12264899864574	-0.472120258876244	-0.02950993269358	0.0385927616881489	1.58568642852742
NTAN1	-1.57305486032489	-0.0222129173798995	0.661948963741094	-0.103992219609416	1.03731103357311
PABPC1L	-0.660330969488736	-0.154210452452241	-0.637081707945459	-0.294164951668609	1.74578808155504
PAIP2	-1.44869925866266	0.206331798202461	0.0269904976231729	-0.140442048349305	1.35581901118634
PARP2	-0.834800885643939	-1.03905422725761	-0.107537531001248	0.637885417275606	1.34350722662719
PBX3	-1.09506633198198	-0.858881508089581	0.4409693557674	0.154764070702643	1.35821441360152
PCGF2	-0.85736371939381	-0.567026667324519	-0.628149234293465	0.555962834821412	1.49657678619038
PDYN	-0.811420836736421	-0.917547003624784	-0.0608955592136676	0.226280087156335	1.56358331241854
PGC	-0.859543840802497	-0.8537011638887	-0.245481387475697	0.453144108045485	1.50558228412141
PIANP	-1.11245503099869	-0.947074495536727	0.233711310337702	0.644518862346424	1.18129935385129
PIR	-1.19156300017781	-0.367242906289802	0.290253153880645	-0.247894335077467	1.51644708766443
PISD	-1.47542710197254	-0.282721501629464	0.0982756072098377	0.408073877054515	1.25179911933765
PLEKHH3	-1.56372953342442	0.0706348332450557	0.0163659023465927	0.259235578715189	1.21749321911758
PPAP2C	-1.19772471997871	0.048376810264582	-0.425484421340886	0.0317609031529625	1.54307142790205
PTPRM	-0.844810619509748	-0.275574217523085	-0.165227806194129	-0.4427013259063	1.72831396913326
QRFPR	-0.885071960307243	-0.871944219987102	0.0279350021574123	0.17146062338278	1.55762055475415
RARA	-1.31529919253308	-0.499664755826146	0.097922223486518	0.34053521515569	1.37650650971702
RELT	-1.58414598166408	0.607831754136363	-0.0816754316752111	0.00236396656190717	1.05562569264102
REM2	-1.10062235976768	-0.987266872963253	0.363100226531266	0.550429592999261	1.17435941320041
RERG	-1.06414930706108	-0.867554271389714	0.250439121318082	0.275437130578301	1.40582732655441
RPL23A	-1.4320109801967	0.0370290981764189	0.503962100493827	-0.359796719856128	1.25081650138258
RPS6KA1	-1.3138449327383	-0.692108698571593	0.292926496775043	0.508835463455732	1.20419167107912
RPS6KA5	-1.2941732642274	-0.696975210559427	0.375163052497098	0.364771908643866	1.25121351364586
SGSM2	-1.51579886816613	0.027122225527964	0.0784038695675164	0.113090627259335	1.29718214581131
SHB	-1.3787615669356	-0.08403512606283	0.0173355316376905	-0.00079382594685189	1.44625498730759
SHD	-1.31611153469219	-0.24721904973523	0.0993896916925528	-0.0181273439815215	1.48206823671639
SIM1	-0.458336158058872	-0.366415477902558	-0.502872473252307	-0.459017863887378	1.78664197310112
SLC17A6	-0.660877404321717	-0.461640412455525	-0.387072614714104	-0.260308803938555	1.7698992354299
SLC32A1	-0.928005353576279	-1.06975054505693	0.188772737350363	0.502873198458175	1.30610996282467
SLC35D3	-1.0567035028401	-1.02041903793671	0.352234592274897	0.52300747896564	1.20188046953627
SLC9A3	-1.27644525511361	-0.456750955337499	0.270445714969188	0.0175455465044729	1.44520494897745
SLCO3A1	-1.48114470441198	-0.254700868618684	0.0441719150825424	0.45308576816238	1.23858788978574
STARD10	-1.32417214613314	-0.358396024044419	0.363562783409129	-0.0875096608349339	1.40651504760336
STRIP2	-1.06646531610127	-1.06647211989965	0.44713367602052	0.614436057364476	1.07136770261593
SUSD2	-1.62615047458505	0.413342919147748	0.435977443307788	-0.200216162343031	0.977046274472542
TBC1D31	-1.11831455444821	-0.601802273451611	-0.212158000967533	0.478616873088987	1.45365795577837
TBL1X	-1.50894024043999	0.100355293024072	0.0841452180650517	0.0184507096678956	1.30598901968297
TES	-0.734262221971353	-1.1013218474173	0.185904220488747	0.171897738395822	1.47778211050409
TMEM200B	-1.60836710188937	-0.218105124031972	0.366334417747373	0.442507340786955	1.01763046738702
TMEM25	-1.05060834533697	0.0779600794193204	-0.74627740648051	0.205298625282884	1.51362704711528
TOE1	-1.18041109569793	0.117547237511475	0.340175593067985	-0.691260658831507	1.41394892394998
TOX2	-0.797893247294483	-0.818440497644337	-0.344859906119086	0.409872332268777	1.55132131878913
WNT6	-1.20406077335591	-0.511128808862091	0.434156163009338	-0.159473949832726	1.44050736904139
WNT7A	-1.32500537384298	-0.428945868862466	-0.0635207502603886	0.458886525797567	1.35858546716827
XYLT2	-1.19967570561115	-0.721282198226575	0.0441863542347858	0.565933070899529	1.31083847870342
ZNF667	-1.35331002944651	0.440393499619127	-0.742116456660894	0.662741493223466	0.992291493264813
AKT3	1.62884741463406	0.194933562770857	-0.766246216210628	-0.243693831735501	-0.813840929458791
APC	1.21519177524432	0.396016380884346	-0.298680020739459	0.185135114491458	-1.49766324988067
ARHGAP31	1.69945236539095	-0.826442815461722	-0.0584170989111789	-0.1908927337791	-0.623699717238949
ASTN1	1.52099737987475	-0.439393673378462	-0.631275565076943	0.479674071585704	-0.930002213005052
ASXL3	1.20145145646292	-0.252883368296436	-0.342086354269901	0.74357126501461	-1.35005299891119
BCL2L13	1.60081593365517	-0.237660196997028	0.194880694302044	-0.524863998312807	-1.03317243264738
BEND5	1.76457208054831	-0.562845224177357	-0.353978144749699	-0.217899648404623	-0.629849063216628
BRINP2	1.29640072424385	0.765619917924161	-0.340363544128961	-0.600758962493443	-1.1208981355456
CBX8	1.68359856581777	-0.222650243147691	0.0253932804681411	-0.670122053804543	-0.816219549333676
CCDC113	1.37181328935512	-0.305512383659348	0.407346946663671	-0.115116619144707	-1.35853123321473
CCDC121	1.60702370827983	-0.515600390669068	-0.327734831706306	0.231593148516276	-0.995281634420733
CCDC13	1.54841913409403	-0.38098455996331	0.397917030868421	-0.590649550193753	-0.974702054805387
CCDC157	1.74812449140758	-0.58593271129846	-0.170910730804295	-0.295373099552956	-0.695907949751869
CCDC65	1.52980989179471	0.109946722397548	-0.144792574323358	-0.242917958901891	-1.25204608096701
CD84	1.2111217379776	0.897802958745324	-0.796102268185795	-0.3161144340747	-0.996707994462431
CDH10	1.75531917723083	-0.261415432790771	-0.382188269601389	-0.347899766153866	-0.763815708684806
CECR6	1.73179867367248	-0.513029387055536	-0.486223215368494	-0.0249891995950116	-0.707556871653435
CFAP54	1.31302057975492	-0.763230153418646	0.717201622287706	-0.199650373531507	-1.06734167509248
CKAP2	1.53976120195855	0.409205625309423	-0.494412452538473	-0.444984511750566	-1.00956986297893
CSGALNACT1	1.34335223506706	0.773878437949296	-0.488227687530343	-0.689350988179315	-0.939651997306698
CSMD1	1.19254218739933	-0.242603674553666	-0.112533001186074	0.619492533249049	-1.45689804490864
CTNND2	1.51877962952305	0.0320851930210987	-0.0650513500292004	-0.202431731451255	-1.28338174106369
DRAXIN	1.73156357310739	-0.381625166884847	-0.0481075060016104	-0.59455213859958	-0.707278761621356
EPHA4	1.5524866790826	0.312949291156012	-0.533033167466691	-0.266154603873965	-1.06624819889796
ESPL1	1.60067819270641	-0.523125968993627	0.218963182850837	-0.276944110219273	-1.01957129634435
EXD2	1.31173747342982	0.824214993097162	-0.491579454374835	-0.765694097545494	-0.878678914606653
FAM160A2	1.6229900376761	0.111775915240344	-0.405037063269849	-0.27418234914086	-1.05554654050574
FAM198B	1.66261850072594	-0.0257922295882991	-0.78821258675148	-0.0681588340844237	-0.780454850301733
FAP	1.55411998951526	0.218906433589556	-0.117469499326074	-0.55159230699164	-1.10396461678711
FAT3	0.927417557678926	-0.656678668476111	0.382076783448344	0.75747476349729	-1.41029043614845
GGN	0.603467013179138	1.08330945164611	0.374618443250324	-0.716647510210692	-1.34474739786488
GIMAP2	0.994904104873819	1.16202445899705	-0.512901057333048	-0.671374676237105	-0.972652830300718
GNB4	1.49967561201573	-0.294664536454784	-0.590715398094469	0.443359189367832	-1.05765486683431
GPATCH4	1.77885680987726	-0.487213284463914	-0.440595331711652	-0.280565645790548	-0.57048254791115
GRID2	1.61377132060992	-0.381634020789269	-0.746502838084848	0.293331394268677	-0.77896585600448
GRIN2A	1.02181789322006	-0.532047500413395	-0.330954946485949	1.04989987461818	-1.20871532093889
GRM3	0.980181298834163	1.13149095944619	-0.41857182684344	-0.572254827118571	-1.12084560431834
HHIPL1	1.57635267419719	0.305002777599678	-0.488506527169526	-0.369749653288807	-1.02309927133853
HIVEP2	1.29793502916352	0.260587136209351	-0.284285174863012	0.185924939162056	-1.46016192967191
HMGCR	1.39216008992583	-0.571432319416213	0.0304420300487772	0.402721702513365	-1.25389150307176
HS6ST3	1.38056409109618	0.300116999242611	-0.446831166276373	0.105266725968262	-1.33911665003068
IGSF9B	1.39200758419374	-0.0245051082676709	-0.600574254528865	0.455265733060778	-1.22219395445798
IL10RA	1.30081895523369	0.828465260059113	-0.460302454324108	-0.742602497377383	-0.926379263591316
ILDR2	1.41671319863651	-0.324968106216456	-0.351838909193921	0.49312229464827	-1.2330284778744
KCNH7	1.14636088475987	0.816536646216965	-0.484321509344471	-0.151298309804972	-1.3272777118274
KCNJ6	1.32593274219339	0.255786104313658	-0.368658637632659	0.20118553418237	-1.41424574305676
KCNJ9	1.50869144356823	0.505406134826199	-0.432877020385632	-0.666306164689345	-0.914914393319449
KCNQ3	0.849793592457377	0.189758663584659	-0.179683957561019	0.761675986215264	-1.62154428469628
KCNT2	1.49896636410426	0.00296330056409014	-0.519022110356041	0.215884005283488	-1.1987915595958
KIF15	1.59846522782302	-0.607984622042864	-0.520037847320115	0.353916150410145	-0.824358908870181
KRT72	1.76955626659332	-0.349126937149128	-0.347064869202807	-0.378139892829053	-0.69522456741233
LARGE	1.48764543064678	0.259520037649262	-0.139260523021358	-0.352572492497158	-1.25533245277753
LDLRAD4	0.939225174119419	0.517485954711604	-0.452965182921049	0.532809089340604	-1.53655503525058
LOC101546977	1.58366074554922	-0.750208661516572	-0.276644905180836	0.312213074078877	-0.869020252930686
LOC101547359	1.5380129784324	-0.609430206266883	0.462857706174284	-0.494697425393935	-0.896743052945871
LOC101554454	1.72403533432137	-0.374520840998932	-0.148646239900639	-0.331828169969353	-0.869040083452448
LOC101555325	1.73669744671409	-0.721184668023119	-0.508631486384909	-0.0577312416803902	-0.449150050625675
LOC105943024	0.939029511802663	0.43825717217408	0.420359422417756	-0.14593314721212	-1.65171295918238
LOC105943052	1.54971711505748	0.343605406960691	-0.759419794231105	-0.205893151347547	-0.92800957643952
LOC105943426	1.66246064492717	-0.969993878973303	-0.0878840996363471	-0.0733232527982242	-0.531259413519295
LRFN5	1.57527427026865	0.423476319266516	-0.648476223769868	-0.615820506332966	-0.73445385943233
LRRC28	1.61262316582568	-0.307188038829881	0.0398233830977101	-0.226178864459303	-1.1190796456342
LRRC7	1.24352566009478	-0.154530672501163	-0.626134331928495	0.751066493801298	-1.21392714946642
LYRM9	1.37518809084479	-0.255647969971404	-0.252425482948657	0.461942348305765	-1.32905698623049
MAP3K9	1.45223676020874	-0.481504554696167	-0.673055683130207	0.613346804105482	-0.911023326487849
MAPK8	1.71094216345462	-0.304142708706841	-0.488236798414583	-0.0593311575686641	-0.859231498764529
MARCH1	1.32278201861811	0.477998047985837	-0.455584001033013	0.00172851568023297	-1.34692458125117
MARCH8	1.41551302834892	0.234280036811268	-0.171872226611488	-0.0987375416225411	-1.37918329692616
MEFV	1.39483147484833	-0.631466735022867	0.618116261249624	-0.29112673153986	-1.09035426953523
MKRN3	1.62750024703142	-0.937315290287918	-0.223316908156407	0.162690743703118	-0.629558792290218
MRC1	1.51719999600945	-0.576965885340054	0.520786173805959	-0.614954604484098	-0.846065679991253
NATD1	1.69449266518148	-0.873664004840493	-0.257718732905195	-0.0165639508385666	-0.54654597659722
NDST1	1.71449179636208	-0.403543612031845	-0.00186605282239327	-0.511679353378437	-0.797402778129409
NUDT3	1.54493227128325	0.14610672709708	-0.600940167793157	0.0191093770483936	-1.10920820763557
NUF2	1.5652061311626	-0.171374881742107	-0.0472701369224159	-0.120147418483722	-1.22641369401435
NWD2	1.60414823446406	-0.266633295701503	-0.227621647137452	0.0315139043723805	-1.14140719599748
OPCML	1.53721209671318	0.317942380208487	-0.434338509393539	-0.299383249075013	-1.12143271845311
PCDHAC2	1.51088194646291	0.135162907837726	-0.554690285300197	0.0850992297866539	-1.1764537987871
PCGF3	1.57747235344016	0.309852695760115	-0.598422061322341	-0.307681645597015	-0.981221342280923
PCNXL2	1.06612668130412	0.876338823491198	-0.360084074139377	-0.19378878640477	-1.38859264425118
PDGFRA	1.61151089915854	-0.714960613367253	-0.102359560143717	0.134890073688172	-0.929080799335742
PGM2L1	1.17724369670255	-0.355425440030796	-0.690059009139152	0.93484719944864	-1.06660644698124
PGR	1.74976959916906	-0.133718887751321	-0.47647558772517	-0.421327311417449	-0.71824781227512
PIK3CG	0.852171371569035	-0.310355589556344	0.590120638286469	0.480119970640601	-1.61205639093976
PLAT	1.750163647663	-0.688461388635089	-0.440362567238524	-0.115737260321839	-0.505602431467545
PLD3	1.61200497602635	0.337838698944632	-0.603778262271354	-0.581351920093529	-0.764713492606102
PRSS35	1.68447033092815	-0.755258090240697	-0.19425966451937	0.00957175890836018	-0.74452433507644
PTGFRN	1.46674875398002	0.0704410767306386	-0.638110533358595	0.268906349002409	-1.16798564635448
PTPRR	1.32770313403987	0.767789128403765	-0.574982523387076	-0.47642005252884	-1.04408968652772
RAP1GDS1	1.39675900624661	0.71954102803348	-0.631870871469954	-0.619130830380232	-0.865298332429907
RGS4	1.45632642990448	0.61734818270004	-0.79260788805355	-0.483687402336999	-0.797379322213969
RIMS1	0.973625165827848	1.09570012921057	-0.528283307912682	-0.331768895645812	-1.20927309147993
RNF165	1.17877833745435	0.716876144981956	-0.422180558217242	-0.0914575274880791	-1.38201639673099
SCUBE1	1.64375385761834	-0.0102478601516526	-0.755366450122525	-0.025653983787668	-0.852485563556499
SDK2	0.969326204791134	0.399010699888331	0.31975535412392	-0.0151535107613269	-1.67293874804206
SEMA6B	1.70398562400559	-0.195710847819718	-0.58178410431266	-0.0821514953519874	-0.844339176521219
SEPT5	1.32117100091162	0.820580148959504	-0.644804319654505	-0.598543617217982	-0.89840321299864
SFMBT1	1.54080533685191	0.188946050118708	-0.209476196195286	-0.318142290289691	-1.20213290048564
SH3YL1	1.46884003012203	0.575196977797744	-0.729452685224117	-0.41699004741187	-0.897594275283787
SLC16A6	1.63666950885625	-0.419062558673857	-0.419500367773729	0.171574377987084	-0.969680960395747
SLC8A2	1.7254517513087	-0.172474142870289	-0.482586812377246	-0.229163811163918	-0.841226984897242
SLIT1	1.54061655085024	0.199642977682949	-0.4724167107117	-0.104887822643408	-1.16295499517808
SLITRK1	1.26919495165896	-0.183465581099659	-0.350131776195724	0.622741556392066	-1.35833915075565
SOBP	1.71488616212682	-0.0036307909506805	-0.663369516936925	-0.336778867342383	-0.711106986896827
SRCIN1	1.3435614978452	0.0804044257501997	-0.693136739774458	0.483373792152481	-1.21420297597342
SRPK2	1.37757385193878	0.335831077622838	0.0927121620788623	-0.484798608459537	-1.32131848318094
ST8SIA5	1.36563375928691	-0.268024953536525	-0.177400301793781	0.436652222022334	-1.35686072597894
STRA6	1.5892176275039	-0.365923424937789	0.213339312086521	-0.355676584620967	-1.08095693003167
SYNGAP1	1.62575153610843	-0.310234802249967	-0.539368881558605	0.190097664126422	-0.966245516426283
TENM2	1.54416918545197	-0.699396923727349	-0.585641166648286	0.482739699659014	-0.741870794735354
TENM3	1.42206661646682	-0.579100085625512	-0.180082362643694	0.502294163643937	-1.16517833184155
TGFB2	1.65359561822598	-0.367626721455819	-0.416733824856046	0.103443909954834	-0.972678981868944
THSD7A	0.865728804742916	1.19500731670297	-0.635789591701915	-0.26358216536477	-1.1613643643792
TMEM130	1.54368658767634	0.385793681817386	-0.318099768306963	-0.620306956175343	-0.99107354501142
TMEM169	1.06584541620556	0.992782250839535	-0.494318339650865	-0.329123486861517	-1.23518584053271
TMEM229B	1.28022806309198	0.874841804347126	-0.809527457603879	-0.540311718863891	-0.805230690971334
WWC1	1.49616801548866	0.486662519233267	-0.285782102208403	-0.809905822250211	-0.887142610263314
ZNF428	1.55689678767821	0.365306791527246	-0.405850622549709	-0.504951807158137	-1.01140114949761
ABCC10	0.499443721417263	-1.63550328680008	0.623420416019943	0.783402350041626	-0.270763200678757
ADARB2	-0.863053318846105	-1.26307542198958	0.998629525125099	0.447794275875728	0.679704939834861
ANGPTL7	0.0599265240372607	-1.14595243356229	1.55657855930948	-0.508731186174608	0.0381785363901592
CUTC	-0.10663732332715	-1.63477588618601	0.176389205217231	0.956254720685999	0.608769283609929
GTPBP6	0.663847898288416	-1.54474691027825	1.00699806825644	-0.337883437664139	0.211784381397532
IL15RA	0.0133320853228561	-0.955414696492377	1.57977027666683	-0.759302745034255	0.121615079536947
LOC101552731	-0.195101085986125	-1.51687557494547	1.14035520039415	0.599847771269786	-0.0282263107323427
LOC101553763	-0.457892318919713	-1.51162856430216	0.939971166280613	0.728996244651218	0.300553472290042
NCKAP1L	0.135423613988417	-1.29911146487379	1.04871406264972	0.828057843290545	-0.713084055054888
NRDE2	-0.512068708131057	-1.46312191448723	0.589620850303504	1.07324865408501	0.312321118229774
RFFL	-0.80541245606928	-1.33924029091923	0.840542089420058	0.673066172515455	0.631044485052994
SOX2	-0.515439796858037	-1.39954709272691	0.031099762659598	0.934622282168718	0.949264844756636
TPCN1	-0.357099160179877	-1.59604517902088	0.760579008238029	0.462990666014865	0.729574664947867
UPK3A	-0.589315049750802	-0.869184608648451	1.69370635858913	-0.139092454235164	-0.0961142459547119
ACSM1	0.288199265067317	1.47146845024671	-1.25851701607399	-0.105178148613518	-0.395972550626521
ACSM5	0.39399468975432	1.51191814829404	-1.08621441114266	-0.263122946556505	-0.556575480349192
AMBP	0.514499385507946	1.41703872297726	-1.20380028044835	-0.282151867114223	-0.44558596092264
ATP2A1	0.360162962436199	1.00793712829634	-1.32072182019498	-0.768308806407076	0.72093053586951
BCO1	-0.146376158958007	1.65375079937067	-1.05361971672618	-0.103141774164678	-0.350613149521802
C8A	0.657151271838861	1.36429747610739	-1.15015245663517	-0.388662427200668	-0.48263386411041
CKM	0.265868255154022	0.877805471765997	-1.42365962906438	-0.599185252242656	0.879171154387019
CMYA5	-0.386705427491407	0.418486002965516	-1.19979271218409	-0.297384778463168	1.46539691517315
COCH	-0.0555672771649829	1.6864440785056	-0.124997141963704	-0.711966740836086	-0.793912918540828
COL11A1	0.227117740286513	1.62092688989141	-0.721367310226767	-0.851385411184606	-0.275291908766549
CPB2	0.2798347508549	1.51212801280162	-1.20070375329048	-0.392268713787076	-0.198990296578958
DAO	-0.229008439985581	1.67106654673191	-1.03062849655184	-0.14145178761542	-0.269977822579072
DNASE2B	0.507892700225287	1.26893131317497	-1.25286937460511	-0.722907046102762	0.198952407307611
EGFL6	0.384371579994906	1.44783711516831	-1.2567388872114	-0.362067924471266	-0.213401883480542
FGB	0.606483032291421	1.3559163642809	-1.23361901339909	-0.308297184227991	-0.420483198945232
FMO1	0.42083533385939	1.44683319761295	-1.23068827527561	-0.396290403700295	-0.240689852496431
HABP2	0.296796350927824	1.58903721164568	-0.975851835410099	-0.556362678013378	-0.353619049150029
HGD	0.430592029898606	1.4616726603629	-1.1850659979005	-0.462358536865607	-0.244840155495398
HRC	-0.272981458171134	0.637701161058064	-1.36555542300472	-0.258937349987935	1.25977307010572
KIF27	-0.132797008634293	1.43061417723047	-1.38796638770137	-0.00588565027576184	0.0960348693809491
KYNU	0.26506563422317	1.30290638382979	-1.489075091147	-0.115993139679939	0.0370962127739788
LIPC	0.24829877389709	1.60171353322732	-0.945055076673235	-0.63990671335772	-0.265050517093459
LOC101537750	0.339288630478846	1.58055980434919	-0.959020798081569	-0.532366514080675	-0.428461122665791
LOC101541071	0.503232231403585	1.39876587263929	-1.21768691833594	-0.15070191139513	-0.53360927431181
LOC101541473	-0.108853266662867	1.61297229846898	-0.963816753503887	-0.66484426070536	0.124541982403137
LOC101542729	0.608267488930598	1.40774308917508	-1.10659886432709	-0.526099756071965	-0.383311957706618
LOC101547440	0.110615923796785	1.48917680445587	-1.31391592751291	-0.180877333542057	-0.104999467197683
LOC101548728	0.286410003219983	1.44274574195529	-1.3024287126944	-0.370024778761945	-0.0567022537189299
LOC101550987	0.437298192684212	1.36780213913786	-1.35219604996111	-0.167748235393516	-0.285156046467451
LOC101555444	0.332485937455468	1.54268006228646	-1.07080108723595	-0.542672495325387	-0.261692417180589
LOC101556047	0.132388599093767	1.57094546516108	-1.16848839275077	-0.211706885777177	-0.3231387857269
MYL1	0.451866250690928	1.03145571229785	-1.31316849816181	-0.789714369675996	0.619560904849034
MYOT	0.450367321738171	0.946909377548344	-1.39859641969319	-0.686529738892799	0.687849459299471
PBLD	0.700860198723237	1.34883526397229	-1.12194433407751	-0.451261179349836	-0.476489949268184
PROC	0.474677835005885	1.40056677884255	-1.16680671910898	-0.671010366009374	-0.0374275287300821
RNASE4	0.513948333094664	1.20763624967992	-1.37828327863723	-0.570949481572374	0.22764817743502
SERPINF2	0.322904849103462	1.44068638763498	-1.14379108566094	-0.709788203415451	0.0899880523379455
SLC2A4	-0.032515220273661	0.951398402199048	-1.52370282786725	-0.240365513164746	0.845185159106605
SLC41A3	0.508214225129494	1.50580582684059	-0.85222315129599	-0.389722099268021	-0.77207480140607
SPESP1	-0.0595605488723222	1.41842093396873	-0.952301788574059	0.502061382677058	-0.908619979199412
SRL	-0.138604441938689	0.688732182764614	-1.46751299096391	-0.223965621005117	1.1413508711431
TMEM182	-0.290563528877994	0.949860897264139	-1.10352214176036	-0.699003287248444	1.14322806062266
UPB1	0.440766329448025	1.4758825989974	-1.08181599476211	-0.650543831920602	-0.184289101762718
UROC1	0.400889195744647	1.41820676571107	-1.23125163570345	-0.557755781227331	-0.0300885445249418
YIPF7	-0.171817104376169	0.807804763193661	-1.42403735098247	-0.305809709920422	1.0938594020854
APC2	-0.617583023323096	-1.07142919292349	0.58108620292981	1.42551894092969	-0.317592927612908
ASXL1	-0.543606133424244	-1.37708660821818	0.455655211414376	1.24600473911538	0.219032791112671
BIRC6	-0.360070975967621	-1.31410561154817	0.367638324936484	1.41313631712194	-0.106598054542634
CELSR3	-0.722177441171702	-1.08087099839233	0.681710647025923	1.34065254979695	-0.219314757258846
DAZAP1	-0.055670708902438	-1.30606279817479	-0.440835074285251	1.3871538366586	0.415414744703881
EEFSEC	-0.565333356418747	-1.4137479288302	0.46757950632103	1.15622909190828	0.355272687019635
GAS8	0.0174756862473781	-1.36912059383062	0.042251180835018	1.45036082254071	-0.14096709579249
GRIN2B	0.65455758668523	-1.00247965006324	-0.16429690435815	1.35347252969336	-0.841253561957196
LAMB3	-0.414906404736841	-1.35389930074701	-0.20440247877804	0.930685775831988	1.04252240842991
MKS1	0.0316815186502023	-1.2240856344831	-0.539110435013664	1.46195324144067	0.26956130940589
NOTCH1	-0.0743490208811999	-1.48124083099623	-0.173927186269348	1.23525316474322	0.494263873403557
PDGFRB	0.207016546058913	-1.32680450171015	-0.538890820374809	1.34447189843906	0.314206877586988
PPARGC1B	0.542116067589676	-1.35343763978188	-0.202188902320713	1.31910818742264	-0.30559771290973
SERPINE2	-0.542901466410474	-1.31320173816918	-0.0192453775580567	0.604565708307558	1.27078287383015
ZC3H4	-0.476515544537856	-1.29171741291327	0.160621888228856	1.43085935808614	0.176751711136125
CRLS1	0.097599280248901	1.49283008806082	-0.893871227489955	-0.948416686115511	0.251858545295743
CYR61	-0.236621524364182	1.13112071840601	-0.714366071336226	-1.12399917999293	0.943866057287319
DDIT4	-0.38506460958924	0.804248379627849	0.957933993495067	-1.50680260679455	0.129684843260878
F3	-0.338926578504226	1.47590918760988	-0.680686989930732	-0.982926989219522	0.526631370044603
LOC101548802	-0.564543631322527	1.27792649325956	0.107205734382003	-1.33225375346915	0.511665157150117
LRRCC1	0.199377007830268	1.64225970945079	-0.705907812867822	-0.812799079235532	-0.322929825177702
NFKBIA	-0.572135625854036	1.10752512885462	0.835391700887045	-1.32125578663606	-0.0495254172515643
PPP1R3C	-0.446939908908622	1.34038268376536	0.217861941039904	-1.37377706352382	0.262472347627176
RGCC	-0.628089508500236	0.72516952962143	0.408512217107739	-1.43282551184492	0.927233273615989
CEP135	0.239053320770641	-1.52984287917298	-0.391965582878595	0.712993724387892	0.969761416893039
DFNB31	-0.00833649438075309	-1.48883535565375	-0.156599690099816	0.384564523574113	1.26920701656021
LOC101548145	-0.506186820125989	-0.855779242538969	-0.478615669348452	0.182566908108644	1.65801482390477
CAPS2	-0.124757899430644	1.74550972941464	-0.4072501253134	-0.473549139017755	-0.739952565652846
ZWILCH	-0.421711944175664	-0.0958019821195544	-0.84034232635983	1.72413599786612	-0.366279745211073
HSP90B1	0.454243842339858	-0.430552663529509	1.52163834189276	-0.995018114641053	-0.550311406062052
HSPA5	0.0707453390649169	0.702220316869535	1.17435626600411	-1.31036390886392	-0.636958013074644
CKMT2	-0.173198434214514	0.445732230247006	-1.42308938425558	-0.161014472902065	1.31157006112515
FHL3	0.0970531706146587	0.255411701027811	-1.2245813987079	-0.575240981152063	1.44735750821749
MB	-0.395455305502948	0.547686655158719	-1.36927440175015	-0.0727071971056139	1.28975024919999
PERM1	-0.205932979060979	0.262869556251708	-1.31042334035892	-0.205622926256013	1.4591096894242
PTCH2	-0.355464662291397	-0.136471659916784	-1.26570873538163	0.283699145434224	1.47394591215558
RPL3L	-0.12039209457499	0.306775405334027	-1.22186943825803	-0.447221679123417	1.48270780662241
SMYD1	-0.365331646062521	0.136753413255631	-1.20707714946691	-0.106867058227119	1.54252244050092
NCF1	-0.227440819550723	-0.486119515867113	-0.266550743714644	1.74715544156315	-0.767044362430668
TANC2	-0.224381592410761	-0.593506055253455	0.424673320535229	1.48884307094761	-1.09562874381862
WDFY3	-0.436653572681346	-0.761161668397982	0.503034400982364	1.5169122786667	-0.822131438569734
