control	livershrinkage	livergrowth	DPshrinkage	DPgrowth
MEsaddlebrown	0.41416189531353	0.458556409407527	0.162015732372283	0.341525022980352	0.0258297668780161
MEsalmon	0.180969327776336	0.508906936258031	0.412261404449686	0.289998457396403	0.729279003162524
MEmidnightblue	0.112334042752845	0.683662980020683	0.208520765668932	0.301422930732399	0.510020571372088
MEdarkturquoise	0.13975923585964	0.0865285439793128	0.851281829209572	0.016852083710269	0.352047051265428
MEmagenta	0.0399965382856422	0.242675307400277	0.27006050038661	0.175131726352223	0.424270734453882
MEgreenyellow	0.143440693273747	0.442285174924045	0.391012575808513	0.203135744092464	0.807267006161547
MElightcyan1	0.429765085024627	0.66530077633017	0.646448871158092	0.941548086245523	0.383277595394529
MEsienna3	0.211495128518145	0.566001456115521	0.423248753483511	0.343021996116234	0.710199457655001
MEyellowgreen	0.479558107172003	0.542465379268969	0.237888984577453	0.323939849751145	0.0337708425914554
MEbrown	0.735794924613389	0.395537466960235	0.3246721928499	0.156550002588785	0.0297293374791761
MEdarkmagenta	0.444119061052314	0.388035516013397	0.149539156818794	0.158059016917642	0.00501413095046297
MEsteelblue	0.406500636155048	0.551791756523223	0.19482508678021	0.261672338876377	0.0128673786098221
MEred	0.872843840831119	0.0888052442159685	0.271570941386428	0.00797030253677692	0.00252274824384584
MEdarkgrey	0.0127358577094239	0.9151034532412	0.00953445449707785	0.870949572949798	0.00394965895763463
MEgreen	0.583857906150545	0.260301157285259	0.156510943039478	0.0614865868849918	0.00175080537340379
MEgrey60	0.109376304511173	0.462033484882717	0.310660878427035	0.275213185617879	0.544130716152476
MElightyellow	0.128828089727728	0.486940767892637	0.333717435241976	0.214252981944911	0.732831782310153
MEpurple	0.00130042939410218	0.633926928197856	0.00642683852706059	0.0494196182830318	0.207895017815121
MEroyalblue	0.164692681817709	0.667218947430076	0.294780503194825	0.350788408704739	0.582107402417925
MEviolet	0.132935862316789	0.562175454215932	0.29812391245628	0.309536841831192	0.560253678129838
MElightsteelblue1	0.0215896449483683	0.599135971729023	0.0662153919674129	0.195514122666393	0.258891379543776
MEwhite	0.1199958554983	0.554527117412389	0.279422641680963	0.294553537885423	0.545621010907245
MEdarkred	0.642085252824632	0.0184688787381953	0.218909009559127	0.312289317346118	0.528427968515654
MElightgreen	0.424196569587334	0.81219132699119	0.325244151343382	0.164439624217676	0.508580045649632
MEskyblue3	0.364988806674011	0.0102637142657035	0.361868916331442	0.186865600170882	0.649972510503958
MEmediumpurple3	0.111400134924991	1.45950013226916e-06	0.184467372089196	0.030282606677759	0.566813870398739
MEorangered4	0.402476194300974	0.0309406706000733	0.471291512011903	0.260643969872367	0.753777497300831
MEorange	0.269327812024645	0.00410650605819495	0.370239085666846	0.0673104240503131	0.434204348910444
MEcyan	0.967466243361099	0.00169050584741228	0.027572242219341	0.00850579977458728	0.0013960524352635
MEblack	0.00318867359359902	0.00332712780879117	0.507156349271146	6.04072380659255e-07	0.17429810091045
MEturquoise	0.212353673338621	0.157109077586628	0.857261884952092	0.000220620429642894	0.0136750798896229
MEplum1	0.391816284481875	0.561300354378834	0.189386502929996	0.196920392905798	0.631658658430269
MEdarkolivegreen	0.428080302445542	0.613953690553538	0.235580553240303	0.188543270024367	0.559453942120127
MElightcyan	0.42524576972557	0.392328811176593	0.14187978221026	0.276474484846435	0.749613154658189
MEdarkgreen	0.0163106245535594	0.342949423212019	0.000797091890919898	0.00783858541696382	0.845127717203245
MEskyblue	0.430105014323027	0.450755762888633	0.167670589908654	0.285214242344096	0.759157302691446
MEgrey	0.781787718291136	0.0474956319305491	0.0764388278417399	0.722548922508682	0.930920997890195
