control	livershrinkage	livergrowth	DPshrinkage	DPgrowth
MEsaddlebrown	-0.174725532631313	-0.15881602576382	0.294779163597797	-0.202957591202811	0.454050258779125
MEsalmon	0.282552816285133	-0.141714472566445	-0.17542674440242	-0.225221471285065	-0.0745242958845607
MEmidnightblue	0.33255618614109	-0.0876953620778669	-0.266264723514861	-0.220087651728779	-0.141346003707094
MEdarkturquoise	0.310494937080183	-0.357286644589312	-0.0404116204093146	-0.482847408925071	0.198665757381059
MEmagenta	0.421944596904534	-0.247973656261377	-0.234494132286529	-0.286219469916691	-0.171025058973865
MEgreenyellow	0.30777832409468	-0.164547255909423	-0.183392290364841	-0.269327772662214	-0.0525686999236679
MElightcyan1	0.169033906981301	-0.0930823265431989	-0.0986702819845551	-0.0158103897152159	-0.186352144823488
MEsienna3	0.264595697892714	-0.123290334310671	-0.171396965422985	-0.202342253646182	-0.0799990186101029
MEyellowgreen	-0.15157285456042	-0.130775231300131	0.250429637322448	-0.210310194167362	0.43470885809377
MEbrown	-0.0726650145264553	-0.181676130982339	0.209999260736645	-0.298489725580912	0.444035351749151
MEdarkmagenta	-0.163895797867693	-0.184527523025037	0.303385493859405	-0.297456297153144	0.553553393764746
MEsteelblue	-0.177563229712733	-0.127791911362996	0.274164834579046	-0.238525366493095	0.49989469469755
MEred	0.0345017069912321	-0.354899067562856	0.23377677109449	-0.528229604848518	0.587807999486614
MEdarkgrey	-0.500527669671047	-0.0229845737532447	0.517902374283021	0.0350198794982905	0.565871078169813
MEgreen	-0.11770427297062	-0.239192183340312	0.298516568018914	-0.387330252248211	0.604615874743406
MEgrey60	0.335162208192581	-0.157605186190816	-0.216023885908315	-0.232057322464331	-0.130240799916013
MElightyellow	0.318876060231107	-0.149065276717834	-0.206193302713845	-0.263062202096039	-0.0735098964792652
MEpurple	0.617649864197136	-0.102416422544506	-0.540230325848087	-0.405325952053631	-0.266617892100872
MEroyalblue	0.292993850433366	-0.092517087708668	-0.223057505833056	-0.199175116810721	-0.118248545963835
MEviolet	0.315668656666742	-0.124497334615976	-0.221557517728381	-0.216514337466677	-0.125104993798024
MElightsteelblue1	0.466427857732714	-0.112983383565746	-0.381020447676261	-0.273758517770646	-0.239880130376892
MEwhite	0.326031491736923	-0.126921317278677	-0.230087994139179	-0.223159714619839	-0.129763183082829
MEdarkred	-0.0999725010903093	0.476864233127561	-0.260502976051707	0.215315275579146	-0.135310831204324
MElightgreen	-0.171052031710591	-0.0512014865458571	0.209756717469779	0.293161745787688	-0.14182270552947
MEskyblue3	-0.193489176799589	0.513561950807277	-0.194727167389337	0.278931275204581	-0.0976211975881804
MEmediumpurple3	-0.333373542824526	0.811939014221122	-0.28039466042691	0.442701018540818	-0.123034509624457
MEorangered4	-0.179065747420474	0.441139056818965	-0.154404034848261	0.239025259400555	-0.0675594485046978
MEorange	-0.234843033089096	0.563892491432823	-0.191419623627438	0.379608840362756	-0.167435143508795
MEcyan	-0.00879484615257585	0.606181429274018	-0.449435242774493	0.524518243834778	-0.614590708956025
MEblack	-0.576533119035522	0.57444371720058	0.142294485345164	0.827658667547546	-0.286749955807706
MEturquoise	-0.264116874890389	0.298106035360829	0.0387698937783376	0.685143859953698	-0.496119965105987
MEplum1	-0.183086652728089	-0.124773922179853	0.277406872212093	0.272932273972101	-0.103098098732793
MEdarkolivegreen	-0.169642998588234	-0.108452985961584	0.251625749958728	0.277915222022135	-0.125358144210157
MElightcyan	-0.17067069014529	-0.18289193166046	0.30892399528066	0.231465252803076	-0.0687385354837636
MEdarkgreen	-0.48495585415488	-0.202372048201173	0.637934743255189	0.529174180226706	-0.0421034135267826
MEskyblue	-0.168911170455456	-0.161550051449137	0.291031530576629	0.227408885385435	-0.0660390004671153
MEgrey	-0.0596757146936994	-0.408503734224756	0.368475511950822	0.0764501430390324	-0.0186910493325672
