1	2	3	4	5	6	7	8	9	10	11
ARHGDIB	0.0658055627494323	0.0161153257106157	0.0108154672961472	0.020188256579885	0.593390999636475	0.129080154290963	0.0135880638331708	0.0149664884340051	0.0182812988895843	0.0178700061225607	0.0998983764571603
CALCR	0.126536371430734	0.0358176910219797	0.0225621249068414	0.0256864074420764	0.194137029365484	0.397072389345901	0.0314670030221192	0.0254083937296259	0.0244782098075583	0.0267670140724908	0.0900673658551895
CAPN2	0.0302278405891642	0.0057419532455534	0.00368861756411421	0.00947116082740838	0.878401244601448	0.0216331246897658	0.0042927771422746	0.00633424260325362	0.00692830269143719	0.00585892151726496	0.0274218145283164
CARD11	0.0914744915738768	0.0244606362795238	0.0163247013278773	0.0246978181634888	0.343710818908678	0.292023588783895	0.021480332475384	0.0204059559286822	0.0235754758936908	0.0246744133370237	0.11717176732788
CD82	0.793111382643954	0.0271835796871926	0.0116660616590551	0.0131415373871248	0.0521672937508407	0.0325385276088999	0.0139737618581547	0.0194479672007827	0.00915252937774349	0.00847442972656664	0.0191429290996852
CIT	0.419176472471125	0.0573544072514827	0.02853150530149	0.0779921161970028	0.131171421960111	0.0474944469143396	0.0278311512838105	0.101933015767074	0.0338913152778243	0.0249302969359908	0.0496938506397497
CORIN	0.674290799294942	0.0262339994390835	0.0130060143813586	0.0222568138158423	0.124120357455104	0.0414973309658961	0.0148054182737635	0.0256970359061268	0.0141124414563314	0.0121491125253507	0.031830676486201
EXOC3L2	0.82038030568169	0.0251478380709325	0.0105083541206365	0.011586592221634	0.0431330436948597	0.0273176877475735	0.0124988349911262	0.0177850174222861	0.00799753020548877	0.00738279044502248	0.0162620053987508
HIVEP1	0.504859071318477	0.0511555573736554	0.0246889191207251	0.0595454753037773	0.119017496012269	0.0433703116426683	0.0245691991332608	0.0808665214148387	0.0277822577740311	0.0210376498689673	0.0431075410373306
IER3	0.333651738303153	0.0699449054395539	0.0344692971172265	0.0969392634371193	0.114107986125248	0.0471189140200284	0.0321099497946342	0.155073497772704	0.0388123947310025	0.0278793741491871	0.0498926791101432
KCNK2	0.175366486736892	0.0225317372917125	0.01325383632341	0.0289178997937237	0.555376752985785	0.0662601955764257	0.0154318211767497	0.0236304017928048	0.0199407939498238	0.0171087135826426	0.0621813607900306
KIAA1462	0.445854575504087	0.0366667622515279	0.0195274796650501	0.0488551959822017	0.226778584294834	0.0533834783239627	0.0209244252927524	0.0468738991122473	0.026341139823205	0.020658538791466	0.0541359209586664
LAYN	0.719766225856255	0.045291700596672	0.0175895305899629	0.0251798174091881	0.050544151686738	0.0259472609814477	0.0177749412092102	0.0517834589622386	0.0137319916594752	0.0112986041853038	0.021092316863508
LOC101537169	0.84057965271401	0.0253728070524885	0.00990657868101021	0.0135235115491932	0.0314822799759565	0.0162733823031188	0.0103406446966474	0.0256715380420925	0.00773138615923759	0.0064974253536161	0.0126207934726293
MSX1	0.23159697075687	0.164965791809051	0.0673819697676589	0.033105525411428	0.0877655103279207	0.137948580423049	0.1053958249469	0.0570632875347286	0.0289276576293414	0.0315274159543652	0.0543214654386869
MTHFD1L	0.150966045572992	0.0220548427656347	0.0131820217322208	0.0256102274852337	0.564820006910752	0.0827427747493049	0.015843385018825	0.0213942187432491	0.0191997275295096	0.0172798914876161	0.0669068580046618
MYLIP	0.64073242714946	0.0765362363753088	0.0262469794863223	0.0214432724213203	0.0585389189947007	0.0476019815510807	0.0313426455024576	0.0409807711811985	0.0151329172867896	0.0143098474139099	0.0271340026374518
NIM1K	0.811866613873334	0.0355624595626424	0.0128252755021025	0.012498385222039	0.03468655894341	0.0237506242039142	0.0146743184690232	0.0233514013216911	0.00832511033227335	0.0075975666798333	0.0148616858897374
NXPH4	0.833355286247165	0.0177657683330305	0.0081698605186085	0.014071960929651	0.0493410139061124	0.0189909136763617	0.00885431907074106	0.0190587657575311	0.00813809228551811	0.00677285658099041	0.0154811626942896
P2RY12	0.585770867447381	0.0651645586865328	0.0266374190848748	0.0235844363721417	0.0840468827052947	0.0724704855256234	0.0337876716817098	0.0372948184662305	0.0176617295327942	0.0171879636169745	0.0363931668804426
PRKX	0.850643957768161	0.0156710043653244	0.00722567511043363	0.0120360828259571	0.0455076260490392	0.0177082109027069	0.00793441163825023	0.0160933196193059	0.00714714356791924	0.00602128169164416	0.0140112864612577
SCD	0.896264341046981	0.0173626970691744	0.00664385383060602	0.00718822433472359	0.0214344912474192	0.0133783196077488	0.00756034525877193	0.0125904242120585	0.00470634396523433	0.00424151610415271	0.00862944332312952
ZFP36L1	0.277344272665346	0.0633688711610302	0.0339831161060055	0.126624097848094	0.135479464996326	0.0503061390651502	0.0317830627504899	0.145698778314452	0.0457761576421346	0.0314691785708362	0.0581668608801351
LOC101554385	0.0327494100184687	0.0349297405838581	0.0478875086198686	0.112684654559873	0.0410827235634162	0.0379910791988191	0.040505077601397	0.0549065298976862	0.340002125854453	0.201360955018772	0.0559001950833883
NKAIN3	0.0427709089278248	0.0551173713487302	0.0899820091150247	0.104808819558999	0.0476511615873191	0.0487435221575289	0.0704453547902925	0.0787328425541329	0.207359835898412	0.193510034436045	0.0608781396256908
PPAP2A	0.0310888323148135	0.0346547987014049	0.0514201117287871	0.0783083175763839	0.0396390831348094	0.0418492180923824	0.0461487364132428	0.0460111666193784	0.260363042898072	0.312401161935007	0.0581155305857184
SEMA4F	0.0451072533576326	0.0684457964101316	0.145877831356688	0.0530069869506175	0.0486267067881341	0.0743940498227725	0.165331769550272	0.0555717092502165	0.0956610561727261	0.182191964982116	0.065784875358694
APC2	0.0605992057718069	0.600341742939708	0.0789300359178294	0.0157500093793077	0.0239649154978624	0.03041820643841	0.102798394896298	0.0429119144831611	0.0131713959365697	0.0138808815262553	0.0172332972127919
ARHGAP32	0.017621452150137	0.846391816229619	0.0404340235377682	0.00687598989348901	0.00736554346105609	0.00762292544743225	0.0262701854264101	0.0319115891149123	0.005143737728601	0.00494838185818713	0.00541435515238833
ARHGEF19	0.0256010432211636	0.267586493614776	0.39185308255947	0.0127977615815383	0.0141150828857121	0.0179681411165562	0.196592590109909	0.0372896240514261	0.0116405966201791	0.0126233021450215	0.0119322820942478
ARSI	0.0518151104360704	0.428424309198963	0.1306710636172	0.0170414194009255	0.0248112121079018	0.0348421624018628	0.218128434935734	0.0424859258436418	0.015365121681741	0.0170083564189675	0.0194068839569919
CDKL4	0.176050728696447	0.34540279770213	0.0633643208237027	0.0358028823980999	0.0442231820995406	0.035834082572582	0.054643997042269	0.176192696016244	0.0222615064774499	0.0196098135717018	0.0266139925998328
CHP2	0.0354356161232628	0.223022381438243	0.408254283361643	0.02488777574106	0.0203940847282338	0.0218599959594729	0.105385756277806	0.102915970186829	0.020521005814058	0.020017134828284	0.0173059955411065
CKMT2	0.0118503943185227	0.0619580750385375	0.573664424104403	0.00695328703653956	0.0075680659856265	0.0104968845723693	0.288924317933764	0.0164156514345687	0.00703276135213604	0.00818490857596759	0.00695122964756601
CSMD2	0.017889500689055	0.843059524045139	0.0415321239394978	0.00701319189325993	0.00749712318092013	0.00776168966426562	0.0268535005958517	0.0325773317922937	0.00524902205191666	0.00505009182460017	0.00551690032320056
FAM149B1	0.192703637669444	0.358014794215048	0.0621171169159729	0.0339785950369346	0.045248566758652	0.0375131841622677	0.056032441551257	0.146395197488063	0.0216816122024027	0.019399147345538	0.0269157066544205
FUCA2	0.00722185615897682	0.0106071711367388	0.00596968999240255	0.00697334763435267	0.00368695398395511	0.0026218691999152	0.00396892640942639	0.950653796790435	0.0032750876057606	0.00241843577110913	0.00260286531692725
HSD11B1	0.0494036612658687	0.165133795368896	0.110296011175037	0.0404922602769156	0.0263388033352204	0.0229945895744781	0.0555742924795444	0.46159711167449	0.0259115000753759	0.0217275073288303	0.0205304674453441
IGSF9B	0.00866084833800678	0.915505141151187	0.0257044616195283	0.00331153737202005	0.00377492494109487	0.00420026800918099	0.0179928058949045	0.0127664864832244	0.00262223292569953	0.00261998835897279	0.00284130490618068
KCNJ4	0.0260456647545032	0.290113300215925	0.385181317694198	0.013068530383486	0.0142310295908254	0.0178487675479765	0.177918478043477	0.039221655479259	0.0117599605314753	0.0126427334523582	0.0119685623065163
KMT2C	0.0339763860666198	0.680335113678697	0.082338868673771	0.0148132065443762	0.0146610970198429	0.0146591629935716	0.0481078856122271	0.0792672766119452	0.0108054849712426	0.0101768832759185	0.0108586345517885
KSR2	0.0891585812932681	0.550182326421478	0.0619889212091802	0.0238491044615691	0.0277505961117734	0.0248991296886564	0.0499110865013737	0.123939102854109	0.015850233976001	0.0144069918591999	0.0180639256233909
LAMB3	0.044690582182379	0.270045259760215	0.278450475746893	0.0314447683411213	0.0246588515202732	0.0249711672642915	0.0963719333793776	0.162192874881465	0.0242185936668688	0.0226632715632641	0.020292221693851
LCP1	0.0277706744750879	0.218085040088755	0.26011496519605	0.0126693368354218	0.015600048861905	0.0217338090986494	0.373131469880039	0.0319105765894546	0.0120373178689146	0.0136307864286939	0.0133159746770286
LGR6	0.0183855762593086	0.793716811822215	0.0665965057906576	0.00695462566432427	0.00840330249157361	0.0100529925478854	0.0546659259923385	0.0229356247639237	0.00580031301207513	0.00601150000961428	0.00647682164608364
LOC101541112	0.0289762583550833	0.294544032927792	0.289941288593816	0.0133113292003493	0.0157677232406438	0.0209191092454392	0.261146235651983	0.0363443034901329	0.0122668704030581	0.0135390713668633	0.0132437775248395
LOC101542682	0.027063232096978	0.214931613247389	0.276614239145923	0.0125333890764066	0.0152491290197975	0.0211072637426198	0.362291358678247	0.0318245194100724	0.0118978332342529	0.0134461542401524	0.0130412681081617
LOC101545074	0.0465170500593075	0.759490346892812	0.0427376524405039	0.0110551804650194	0.0155992062647487	0.0169399635213917	0.0431704408244044	0.0371395278659551	0.00842677866717668	0.00834746903167079	0.0105763839670099
LOC101551380	0.0205891032659376	0.143606128865673	0.392200655808335	0.0105607898626878	0.012147460401948	0.0166546913377977	0.345128135864716	0.0266630901491358	0.0102013466921826	0.0115884659366351	0.0106601318149518
LOC101553461	0.0218805287643883	0.156944242045195	0.363523218177208	0.0109976372156587	0.0127926568370241	0.0175748229742104	0.354706004569129	0.0278135460935756	0.0105854154478756	0.0120127870238365	0.0111691408518979
LOC105943002	0.021899979726598	0.174637223520859	0.434203577169351	0.0112391348628884	0.0126392611762027	0.016808718797549	0.265193549151649	0.0299483260413105	0.0106231917171059	0.0118503661338806	0.0109566717026064
MB	0.012918527486556	0.0790411253626205	0.631380551891225	0.0073905450821884	0.00795049814364626	0.0106827419872307	0.209362384310727	0.0186714776175355	0.00723863880782665	0.00821955896115512	0.00714395034928922
MTSS1L	0.0588900564365741	0.469252788707815	0.113515458632953	0.0177027948789514	0.0266824044439897	0.0369107768591307	0.179508203879527	0.0444205563152416	0.0156647824866952	0.0171471263998941	0.0203050509592278
MYO10	0.112864203830435	0.491841882814026	0.0633643158340214	0.0271784566012139	0.0327151357426203	0.0287128925585342	0.0528748968834627	0.135739519528678	0.0178193299082962	0.0161107475740008	0.0207786187247107
MYOZ2	0.0126002509084882	0.909408414606378	0.0204621535005033	0.00421853062547355	0.00485086161308998	0.00499345122473963	0.0153164932375492	0.0185662303067196	0.00312364895453925	0.00300601402645784	0.00345395099606102
NACC2	0.0870895424166989	0.617871573084361	0.0585021118151757	0.0176533266886747	0.0268795047638999	0.0291627241762282	0.0633928938328091	0.0550514707235777	0.013420241451235	0.0133100399142049	0.0176665711331345
NOTCH1	0.0502339659362499	0.707894820336811	0.0496563185631601	0.0148953140562445	0.0171808327184215	0.0163494410271567	0.0387456438739281	0.0734332308521642	0.0103539751977083	0.00962993142903575	0.0116265260091201
PDGFRB	0.00356304533367013	0.973320621583116	0.00647108142953696	0.00117264293936594	0.00140401038941665	0.0015110088454189	0.00513293270045409	0.00463222229919257	0.000897475736801729	0.000882691348268801	0.00101226739475787
PFAS	0.0165732485516464	0.868591456657309	0.0325938939208943	0.00516028801977032	0.00679121353506884	0.00801045540221085	0.032110208217983	0.0166897982924096	0.00419148558469616	0.00430110757682736	0.00498684424118384
PLIN4	0.115692708176276	0.309579794088496	0.101734365157077	0.0265788853613966	0.0496014232965946	0.0753869012479161	0.179158800218968	0.0563559443713734	0.0237647502838553	0.0263918638084708	0.0357545639895753
PRKDC	0.0300666676275916	0.460062482995141	0.215817611686194	0.0130671165803195	0.0154117089705608	0.0195833857775618	0.170680226903927	0.038744684704191	0.0115749807907739	0.0124372455840005	0.0125538883797384
PRRC2C	0.00259644595283233	0.97909972982562	0.00541614960820385	0.000880597579535017	0.00105558278254768	0.0011609813352495	0.00429446735624121	0.00335726972981011	0.000685799283753517	0.000681443497370567	0.000771533048836345
REEP4	0.0292478174623717	0.837730989969439	0.0302616610372528	0.00768538336871706	0.0100153617038344	0.0104320296395286	0.0272963824385781	0.0292318014983456	0.00571014263255087	0.0055500884293728	0.00683834182000928
SERPINE2	0.145845362315482	0.390357728948087	0.0649887644643907	0.0333158755051918	0.0396980377666408	0.0330031276813091	0.0544781513515438	0.174225128440615	0.0209855916540369	0.0185819527986335	0.0245202790740703
SHANK1	0.136335751373478	0.411916423491504	0.0652001863268329	0.032021029892179	0.0379594086416937	0.0319399552287513	0.0543006270293477	0.168274122698343	0.0203321198519814	0.0180720826827375	0.0236482927831511
SHANK2	0.0462525359808852	0.458003920282505	0.151916082933938	0.0250313237784464	0.0220007430928236	0.0216752635708175	0.0731641600860348	0.149974698377754	0.0182073220234309	0.0168833119058681	0.0168906379674963
SOWAHA	0.0295496515082653	0.490568244682376	0.203242470473133	0.0127751579359268	0.0150082550588029	0.0189015361983613	0.156008626390625	0.0385271412683911	0.0112367592403784	0.0120133778311102	0.0121687794126306
SOX9	0.0914892188105428	0.554926811834804	0.0717395886738502	0.0192994633650979	0.0311107350816406	0.0371460830993097	0.0886751972800815	0.0531830308555684	0.0154742626345028	0.0158971798371312	0.0210584285274709
THADA	0.0809956707782178	0.49785507333241	0.090273695763497	0.0197809664725872	0.0320035452201818	0.0422125033206677	0.129130362341513	0.0501951371686385	0.0167823647670043	0.0179003156869615	0.0228703651483209
TNR	0.0408114242567172	0.788431054633055	0.0372086166918679	0.0101029543612824	0.0134921257554621	0.0139780159414808	0.0345173148221986	0.037634041006812	0.00747397224348104	0.00725523444989452	0.00909524583774868
TRAF3IP3	0.0552783804326514	0.204263932950085	0.0846739699866298	0.0345649457995253	0.02556336325386	0.0217479521859727	0.0485498660321466	0.467333165961187	0.0213293065382783	0.0179941010194107	0.0187010158402536
USP31	0.0334404799311779	0.526271384090769	0.190719785746721	0.0171837855947268	0.0165321759078482	0.0178106125202562	0.0826598880225377	0.0753419611726162	0.013607780477107	0.0133407901901467	0.013091356346093
ANGPT1	0.00830663059783478	0.00737531903238979	0.00929629910928983	0.0202115240984157	0.0133701686993231	0.0143077758321242	0.00959658108711022	0.00917671717174497	0.14170827665681	0.740706645302269	0.0259440624126881
BANP	0.0047866950102485	0.00399615151049078	0.00485017285561842	0.00871219700080851	0.00847035166871784	0.0107023430948048	0.00549465760025577	0.00442393730180442	0.0380838360384963	0.890265721804901	0.0202139361138537
CCAR1	0.0302670649421349	0.0179755270135457	0.017461479713308	0.0954109607161717	0.0757666077486466	0.0479553715946662	0.0184283318259731	0.0250741231513555	0.336512176580581	0.141853650902224	0.193294705811394
CRLS1	0.00442321866792477	0.00359124419356416	0.00412793627038703	0.018936525904979	0.00720950832034105	0.00590703490904654	0.00395075778325893	0.00545166746281365	0.88795729228225	0.0463299148267662	0.0121148993786682
DNAJB1	0.0145943856974351	0.011032456807242	0.0125091259954381	0.0281508881887561	0.0288617942866656	0.0329494651611195	0.0141137099850725	0.0126777147242261	0.131738022654289	0.632698369294639	0.0806740672051171
DRAXIN	0.00908425060582784	0.00786604044893026	0.00979424628531458	0.0148658156879691	0.0155302233454179	0.021611185547415	0.0114029974420258	0.0082814418936692	0.0548171858458566	0.810790855164526	0.0359557577330477
DSTN	0.00631142821401397	0.00467032880340228	0.00498946548177772	0.0381866724199071	0.0107882050166285	0.00763541968551881	0.00473777340279308	0.00767309202537773	0.862025320933934	0.0359570784010612	0.0170252156155857
F2RL1	0.00915317466382738	0.00742260728240624	0.00882464553180278	0.0160406915147447	0.0167729944581338	0.0215630914456107	0.0101380090172119	0.00812638347849761	0.066088194894237	0.793192412431947	0.0426777952815813
F3	0.0316241554233838	0.0307731293495406	0.0379028909843082	0.161899076882949	0.0403012152002831	0.03282962510726	0.0317104906075798	0.0560942871262108	0.390140924847488	0.134888066979985	0.051836137491012
FARP2	0.00314009584253991	0.00287735163811411	0.00374026781474549	0.00604796673306022	0.0050112385525414	0.00622435219635484	0.00408620615544428	0.00323485354464885	0.0272284067043492	0.928239471892803	0.0101697889253983
FBLN5	0.00276487442757933	0.00243955409422084	0.00307456191631339	0.00598313049321386	0.00454053542963086	0.0051891838483982	0.00328031760587744	0.00288931319760265	0.0340969568682059	0.926419953164012	0.00932161895494501
GNA14	0.00489184656248154	0.00456951133499715	0.00602809508048146	0.00947299899518103	0.00765233522872033	0.00949098304061968	0.00653674046768225	0.00514545142442406	0.0419948157063572	0.889118947640784	0.0150982745182714
HMGN3	0.0199731374251661	0.0202511493966002	0.0281989143300432	0.0473858442641849	0.0281717939920546	0.0310185690959349	0.0275997546270388	0.0252767371672658	0.219877183937659	0.505419249205986	0.046827666558066
HNMT	0.0130248101957178	0.00971264558475806	0.0107926239907549	0.0397556154304022	0.0247295114062938	0.0215151900143728	0.0111590212729444	0.0130961455687092	0.556422819905262	0.245664530144532	0.0541270864862532
JMJD6	0.00442260757329992	0.00362327308407724	0.0043377604436294	0.00872684198622885	0.00794502163919334	0.00938478210565618	0.00482168549723493	0.0041536740874506	0.0439442206633937	0.889656928672416	0.0189832042474196
LOC101538210	0.0124743135973834	0.00977829374491649	0.0112575860519111	0.0347317682483402	0.0226469963650937	0.021341069431571	0.0116988449795225	0.0127774324408918	0.398248492575812	0.416160100115664	0.0488851024488943
LOC101539261	0.0187022163658008	0.0124036633567822	0.0127714764950851	0.0665642935825643	0.0398543280993441	0.0287867913258923	0.013174309195247	0.0175981811513412	0.559203575758691	0.142109333254473	0.0888318314147789
LOC101541578	0.0168700713519457	0.0130524399648962	0.0140024035901792	0.13623102498528	0.026089551448779	0.0181210011693251	0.0127239674912028	0.0235249572794827	0.632706734556807	0.0705797093484663	0.036098138813636
LOC101548462	0.0321763591798022	0.0188076562145271	0.0177123208213654	0.189036964981791	0.071499868085553	0.0382272604302473	0.0176549199884665	0.0303909606712423	0.375387329381375	0.0936287181666229	0.115477642079007
MANF	0.0206802292632008	0.0114142567137601	0.0106569543166761	0.0211136323389374	0.064716434823873	0.0954035476258796	0.0134253664680971	0.0113962089936786	0.038819692935912	0.0566341704343765	0.655739506085609
MBD2	0.00814351173172081	0.00570211807724375	0.00596155097263309	0.0417520067937792	0.0152529075527137	0.0106255771275927	0.00584579400559008	0.00890013718686185	0.820674348900521	0.0504190560066324	0.0267229916447114
MRPL42	0.0265266999768764	0.0171150848904911	0.0175679310998836	0.0599562622378009	0.0632467375012053	0.0538681133248334	0.0193669994560308	0.0213564968856404	0.256904544977779	0.250388384344317	0.213702745305142
NFKBIA	0.0280668614072989	0.0178640966163987	0.0182201907834029	0.0452126476137702	0.0707347025939254	0.0764618753748038	0.0213461329312982	0.0200087618261146	0.133405342449219	0.22451544805515	0.344163940348618
P2RX5	0.0108177200600941	0.00926252890471698	0.010922357984306	0.0492764117370823	0.0164227572931429	0.0135394997059221	0.0101154691100708	0.0146173857750175	0.74702808972682	0.0925399748031086	0.0254578048997187
RBM15	0.0136919213236451	0.0121143287967653	0.0150693140220746	0.0403982732645268	0.0215417159668878	0.020961493431436	0.0148836956619305	0.0163137382357884	0.41302817667882	0.393337992745713	0.038659349872412
RBM39	0.008231236026061	0.00636227667130592	0.00719148948836312	0.0282352241107302	0.0147161252470668	0.0125783680086769	0.00723548077412822	0.00891529682676523	0.740325013453939	0.137262505233369	0.0289469841595941
RGS2	0.0183682975348031	0.0135838091079915	0.0151844723617286	0.0333035865765026	0.0374952803981781	0.0440992464683426	0.0174010484824904	0.0153155938965206	0.138271605145003	0.553866308822613	0.113110751205826
STMN2	0.00887995923708383	0.00695711499145039	0.00793994301875578	0.0297343127396177	0.0156908272641194	0.0136632712514061	0.00798923252056608	0.00968062005788665	0.704164086795139	0.164536246141482	0.0307643859824933
TIPARP	0.00327573788172091	0.00284943812757416	0.0035516906058678	0.00725874907525832	0.00544825308262384	0.00611190898614511	0.00378058506054318	0.00340939101189645	0.0440047584985811	0.909002746992773	0.0113067406770162
TOP1	0.00372704688726727	0.00300136883186193	0.00342779186349559	0.0163607778139283	0.00610565517410773	0.00494378877475276	0.0032794223668845	0.00458471237146281	0.90723091103587	0.0371043930413144	0.0102341318390544
AGL	0.0252181684708343	0.0277684400883642	0.016923354751147	0.0319960055088396	0.01395360598047	0.00915551385594482	0.0119189521257273	0.831755818685233	0.0127559058426181	0.00882964759120714	0.00972458709961467
ASZ1	0.0339203203361569	0.0451243450974396	0.0341358493400797	0.0583428525660001	0.0216192162484961	0.0153149467021484	0.0222975019914487	0.710071065744052	0.0252754240912495	0.0172795611945401	0.0166189166883886
CASQ2	0.0457607939590434	0.0480552133903952	0.0229291155095386	0.0328565289389656	0.0200618638923726	0.013095431388032	0.0168679041120627	0.762376204761615	0.0144575539526721	0.010642244147423	0.0128971459478796
DSE	0.0607796463072274	0.0515561362774821	0.0413754675173565	0.304898735519085	0.0499819537397841	0.0300424562824695	0.0312431617094414	0.282135177316064	0.0701387494879311	0.0388530835802346	0.0389954322629245
ETS1	0.0897120432122088	0.0949748703298494	0.0377560027832082	0.0437295294872495	0.0330453296101574	0.0220156355349017	0.0286602831088732	0.592700305238074	0.0209148489177752	0.0160742696880507	0.0204168820896522
FLT1	0.0518818645643194	0.0287219853427516	0.0214383470961146	0.583384763145801	0.0532710580158118	0.0247187950755945	0.0183149309352583	0.095259461398783	0.0570167955764927	0.0286650416378726	0.0373269572112006
POLR2A	0.0344073789201009	0.0385379633251027	0.0188180645249119	0.026194745662968	0.0155246075351367	0.0102842472169815	0.0136181571731585	0.812312126771562	0.0116112462714565	0.00854386841849986	0.0101475941801211
BAK1	0.0331677660483762	0.0346468858292163	0.0495144347359487	0.0418156058364385	0.0472549431259629	0.0816619081304593	0.0627868953386212	0.0311128101488741	0.104236251477746	0.426957421055744	0.0868450782726128
EPN3	0.0388125524027343	0.0477405288512683	0.0802347135889613	0.0510953845364798	0.0484446538224332	0.0754742021624919	0.0944729350918758	0.04283528546695	0.116245603310168	0.328747835188331	0.0758963055783061
FKBP4	0.0397732959356775	0.0297247406283752	0.0324366239259064	0.0396380999898398	0.0778480755388073	0.189727709338913	0.0440001312128343	0.0262744502211435	0.084370938794263	0.21367434749482	0.22253158691942
GPC2	0.023562177088739	0.0254182268701494	0.0378849039351169	0.038973607521098	0.0325263426656816	0.0445479827705798	0.0414223426825579	0.0263241115612198	0.119900599427593	0.553354685887143	0.0560850195901215
LOC105943044	0.0511777385999607	0.0645747850871182	0.101264048282882	0.0442432081088641	0.0604778898487982	0.133647105766262	0.169220514202539	0.0442876209109758	0.0768405402825916	0.165332347667056	0.0889342012429525
RPS15A	0.0295533367871484	0.0177982237450297	0.0161540479432582	0.0175190618166782	0.0621874741583139	0.630401092884503	0.0238510871127147	0.0137132943717235	0.0256958689715614	0.0401457165573969	0.122980795651672
A1BG	0.00535746466772857	0.0250073404794501	0.842772192788228	0.0034845782972453	0.00355165371209346	0.00481197793501608	0.0957908823796394	0.00815642810532485	0.00357732774166485	0.00415695152310411	0.00333320237050569
ABCC6	0.0212855380522108	0.165431328399598	0.44315643025023	0.0109985779053118	0.0123510772022437	0.0164670865281388	0.268355340222804	0.0291220896000929	0.010431797175881	0.0116620359839694	0.0107386986795196
ADGRA1	0.00986152930328214	0.0354142836298212	0.782201319901077	0.00775217038526234	0.00709262195444223	0.00935052327435167	0.106369051001417	0.0168206201324786	0.00835654390562425	0.00979771047244232	0.00698362603980118
AGFG2	0.00340056399238415	0.0178151732254659	0.932116934911138	0.00236475890522817	0.00217406547075269	0.00268511831432804	0.0262179333861272	0.006487991197632	0.0022744479135197	0.00247716488027735	0.00198584780314638
ALDH8A1	0.0197197696082819	0.161104751141055	0.602210358420036	0.0117799532198583	0.011355490141577	0.0135568427990405	0.111071128984214	0.0378218111885164	0.0105321412586882	0.01106956192886	0.00977819130987278
ANKRD23	0.00609289191638256	0.0249311993554062	0.829924680641276	0.00424788221871728	0.00420431672226632	0.00571488265679773	0.101593237323856	0.00947169515735896	0.00448755741790921	0.00528865520017125	0.00404300138985838
AZGP1	0.00840434157535169	0.0329295183821251	0.751134568333059	0.005885422904295	0.00587689394255332	0.00810050868108078	0.155387015469848	0.0127454706250471	0.00630789518878374	0.00752683286188315	0.00570153203597262
CC2D1B	0.0330950606546471	0.0764965346436276	0.32526626435316	0.0303659317097686	0.0283816981383893	0.0413892186105088	0.291180693932571	0.0470895214224972	0.0399607551076349	0.0550671306977379	0.0317071907294577
CDC42EP4	0.0250967403840546	0.191337633847485	0.533748609662726	0.0159455582812221	0.0144142727176056	0.0164558156125832	0.106339227674172	0.0564006663267361	0.0138207200184953	0.014105095795054	0.0123356596798655
CECR6	0.000872369624443707	0.00391494927591706	0.98033809291251	0.000619916313501466	0.000584921237969852	0.000756465648587132	0.00950945514834294	0.0015102182947138	0.000629084373440872	0.00071334242862318	0.000551184741949911
CMYA5	0.0474412683601347	0.145905525324903	0.102268337102203	0.0411622320113447	0.0257614878535432	0.0222417242354386	0.0520885158449001	0.495492020498399	0.0259653913612266	0.021513567267587	0.0201599301403197
CNTN6	0.0363828860870801	0.106272587632624	0.43344086676074	0.0392862510828474	0.0268010188462669	0.0297612380009268	0.127103867655523	0.0965270923679753	0.0388391055771978	0.0394554441290917	0.0261296418597274
CSRP3	0.0183568123622024	0.131081035189255	0.506216024426669	0.00984029155833649	0.0108723285062269	0.0145234063581997	0.253826318370401	0.0256997003844216	0.0094305205442112	0.0105930378279087	0.00956052447216746
CTSH	0.00285540990579036	0.0131411706490893	0.943336700494396	0.00210166747628204	0.0018913482651335	0.00235248841985628	0.0227354937040701	0.00546190601518831	0.00207457251711431	0.00228552061270986	0.00176372194037031
DACT3	0.00385292721629362	0.0221923145358208	0.915815916880672	0.00248805984361917	0.00241421098331526	0.00305422059885715	0.0362294358205534	0.00673132881664015	0.00239596320000612	0.00264059178878226	0.0021850303154403
DEPTOR	0.00738679851815627	0.046503251843805	0.843805746766181	0.00466735289341409	0.00452573861388308	0.00564323138617426	0.0610354537633938	0.0131885471954438	0.00440693253073519	0.00479546474006531	0.0040414817487481
EFHC1	0.0378987365268687	0.153424284778413	0.414698298138182	0.0337243639785321	0.0241953153701851	0.0254945645067255	0.108100768128221	0.124702715408107	0.0286680299916086	0.0275403857430529	0.0215525374301044
F12	0.000719919645156912	0.003264292876437	0.983715739521173	0.000508711390500529	0.000481289558649342	0.000622500786693726	0.00789203213061022	0.00124367084492155	0.000515238431387948	0.000583852238903768	0.000452752575566333
FABP3	0.00704244204012727	0.0284191659911974	0.13066728347313	0.00407436909390994	0.00476466217617678	0.00722207978356088	0.795123499491904	0.00840584028076505	0.00437038333515261	0.00538054797820678	0.00452972635586922
FAM124A	0.0432344444532642	0.0824318476255284	0.24571638765538	0.0526065674284398	0.0404495434362417	0.0533049710140215	0.182703966704452	0.069797941407745	0.0768495945813698	0.105117683711771	0.0477870519817868
FAM131B	0.0373621819099213	0.0809524054629117	0.30862001741861	0.0381229705699905	0.0329959957003833	0.0461292987886805	0.238952590702324	0.0565749506314969	0.051758668662035	0.0709701920256964	0.0375607281279506
FAM163B	0.00788013207083475	0.0425729911210499	0.774039436321891	0.00480515032427788	0.00501504806375633	0.00673736905188333	0.132257439790137	0.0118165260994529	0.00479508786046331	0.00548713935580423	0.00459367994044877
FLNB	0.0306610013427406	0.077461782597059	0.421101184966343	0.0295981470479442	0.0251944884522588	0.033821528847401	0.221715031970006	0.0507205388423294	0.0365158687498836	0.0460874697644908	0.0271229574195429
GAS1	0.028425983785341	0.093030815286638	0.54141257385966	0.0276544053617569	0.0203802876656445	0.0233534370309531	0.120280542937728	0.0697211617764628	0.0274210274440596	0.0286466879324177	0.0196730769193384
GPRIN1	0.00860154117947938	0.0546495924447971	0.824497784231392	0.00550268405938502	0.00524874843927252	0.00645593840027991	0.063718657776628	0.0159586260342367	0.00514598799420717	0.00554872084076064	0.0046717185995612
GPX3	0.00917768308310516	0.0350712606054762	0.731077331111133	0.00650581735883281	0.0064702803404422	0.00893511728800339	0.167098489476557	0.0139245602583616	0.00701984900340029	0.00840983338454404	0.00630977809014365
HFE2	0.0117274876880008	0.0444378385953712	0.784669729510464	0.00974496914726837	0.00819848649057123	0.0100653992357925	0.0786496425346012	0.0237557389758496	0.00992120844732994	0.0109516383713359	0.00787786100341509
HOXC13	0.0102934987696459	0.0611002702899624	0.804215267944768	0.00696901266451853	0.00634332671287503	0.00760810100012364	0.0636083016685867	0.0208932882609477	0.00645346009746666	0.00685330246989038	0.0056621701212148
HP	0.00491528416059426	0.0199323043778384	0.875118080108666	0.00352190281243021	0.00340207407657394	0.00455502609577439	0.0692962074842734	0.0079401574029004	0.00370824065766658	0.00433572422202512	0.00327499860125731
HPD	0.00576969976871154	0.0244267155674567	0.833816620269767	0.00393633176467633	0.00393874297951374	0.00536101989226107	0.10112874717096	0.00887776281138238	0.00412871733814368	0.00485257777888778	0.00376306465823903
HRC	0.00894024389899788	0.0390573032660604	0.175868917860514	0.0050514719431014	0.00590574992166321	0.00881564124553339	0.728282814459695	0.0107695812032114	0.00531964529259426	0.0064555486061594	0.00553308230246962
HRH2	0.0184316570612783	0.094391969542267	0.682821546139573	0.013860448771403	0.0115921821788071	0.0133216495104623	0.0857543501793206	0.0438118061076212	0.0126040904440896	0.0130056070086772	0.0104046930565008
ICAM5	0.0258194132440317	0.0708737219342478	0.488574449651445	0.0235051450113459	0.020507817695025	0.0275559888585145	0.216166133338404	0.0428089256433315	0.0279588827842447	0.0346581907097731	0.0215713311296372
IFT80	0.0224534367104909	0.0677572785912204	0.58800923293916	0.0207029192474756	0.0170645212066754	0.0216165404452577	0.153011192793613	0.0423209107768528	0.0230241285860823	0.0267119081083124	0.0173279305948587
IL10RB	0.0275379304552204	0.345783411482207	0.362154240507039	0.0143198513668477	0.014743167130825	0.017551303414692	0.132307065667002	0.0479718968862928	0.0124291167176698	0.0129637355035854	0.0122382808686191
ITPA	0.0231842839204181	0.0696691820275186	0.580791873519094	0.021626130821477	0.017622261320791	0.0221606536779297	0.151025030491836	0.0444334586363019	0.0239689017517466	0.0276384747667606	0.017879749066127
KCNG1	0.0131090863762934	0.0677891649996198	0.456993820181816	0.00750191690437194	0.00836081675989212	0.0117852869089599	0.392821308465678	0.0174114599767134	0.00762072364003565	0.0089323902721388	0.0076740255144805
KLHL41	0.00166424109216084	0.00744712497336344	0.95935640331477	0.00115568751004343	0.00111784983203642	0.00147195991420785	0.0214379956631436	0.0027516550498456	0.00118349510464513	0.00135780641013369	0.00105578113565
LOC101537926	0.0381869754468068	0.142057751222832	0.414123281652915	0.03585542096045	0.0250799670195957	0.0264820474292574	0.110167786219204	0.12447314335578	0.0310329567986891	0.0298561109451342	0.022684558949336
LOC101541932	0.000707834182679697	0.00331232696156605	0.983340407602361	0.0004872728394664	0.000469208794698966	0.000611123260558956	0.00838753986214624	0.0011934630485995	0.000492300729028299	0.000559110191318097	0.000439412527576859
LOC101542466	0.0198692818978537	0.061061842782191	0.610543626993206	0.0174899689960585	0.0150657158950653	0.0196185013772734	0.162900373764431	0.0352002085117833	0.0196463018843276	0.0232819835135543	0.0153221943842559
LOC101544919	0.00434276835545178	0.0219577745405179	0.915645945696666	0.0030994875215294	0.00279717612394407	0.00342775664180576	0.0314235415391552	0.00852728223339171	0.00298105601616343	0.00323356103085976	0.0025636503005146
LOC101545806	0.00137260596469304	0.00686159275870029	0.966870658568736	0.000910892940327789	0.00089346209488807	0.00116566251606163	0.0168841233549092	0.00227230965460813	0.000910339408767645	0.00103035382086936	0.000827998917438891
LOC101546977	0.00672354740027527	0.0290500491513853	0.0751231470916492	0.00348312783227768	0.00435425339284774	0.00674697498418829	0.855107020407091	0.00728382012421793	0.00365019222876497	0.00445567517695572	0.004022192210347
LOC101547102	0.0176494100197731	0.0869228735886065	0.696840463786011	0.0135005074744455	0.0112265492512402	0.0129434559777153	0.0838107609252774	0.0417553455368172	0.0123842888347171	0.0128238886026332	0.0101424560027634
LOC101551148	0.00498378696243345	0.0214154186704399	0.860054951791098	0.00339814421871617	0.00338749807731086	0.00458685909871023	0.0835053328529489	0.00774313995549243	0.00354686050687577	0.00415087433682987	0.003227133529144
LOC101553347	0.00231083383520955	0.0122530091131879	0.944879232150498	0.00149950710914807	0.0014805365214787	0.00192168264107034	0.0273220143784597	0.00382836094571489	0.00148078555959418	0.00166483852377919	0.0013591992218598
LOC101556047	0.00793307151332131	0.049682422975291	0.814582607442185	0.00482241633039722	0.00487506616884079	0.00626653154583795	0.0847316895818637	0.0129725760394615	0.00463081335018048	0.00513346320266518	0.0043693418499565
LOC101556259	0.0249516646522845	0.0649130763367736	0.315884524932298	0.0196223191259062	0.0202195059689918	0.0308678702917698	0.411619246995668	0.0327585402905908	0.0244036363165322	0.0330486323736611	0.0217109827155246
MAML3	0.027711095265856	0.367859260271077	0.33803422681782	0.0140494864867394	0.0147294928794699	0.0176704642081805	0.136341817235768	0.046398706438735	0.0122203692200421	0.0127946383089497	0.012190442867363
MAN1C1	0.0375321966500818	0.105123667780422	0.415526431565224	0.0417168475371668	0.0281301196049336	0.0313065911841413	0.130124612641699	0.0979931971681878	0.0419858250697026	0.0428372364687761	0.0277232743296647
MAT1A	0.00139526412582444	0.00643491613660735	0.971144481542383	0.0010096159799519	0.000925709546457343	0.00116697962390727	0.012363022616887	0.00257243026705187	0.00100480772187602	0.0011176143288637	0.000865158110190432
MEGF11	0.0139821946358181	0.101686071994645	0.712925865901109	0.00852717921403973	0.0082773755750088	0.0101066099030272	0.0953549559932955	0.0257083056249785	0.00782338576231185	0.00836315454637747	0.00724490084938792
MGAT5B	0.0153147407318451	0.0500167054749199	0.650293848454424	0.0123303482976467	0.0113975681389709	0.0154134465866491	0.178350864433533	0.0248972024727938	0.0138105040125107	0.0166846908455651	0.0114900805511414
MKS1	0.0230838204027903	0.174957276779331	0.360344980423902	0.0114650678000931	0.0133417396306988	0.0181954554046268	0.334289124461285	0.0294417666527429	0.01094864678913	0.0123571514139584	0.0115749702414415
MMP14	0.0225570043886447	0.182257557302706	0.562271528440804	0.0138159008106451	0.0129245002746005	0.0150728029633709	0.108602194842884	0.0467146701346591	0.0121418862385845	0.0125669367495549	0.0110750178535467
MYO18B	0.00566770080161215	0.0286947382788621	0.891933145929895	0.00407562612759614	0.00364293539983616	0.0044302582998602	0.0387495488667382	0.0113727127254815	0.00389742091693538	0.00420366834962937	0.00333224430355415
MYOT	0.00774373440693174	0.0380570932287543	0.856534290069271	0.00571101792886916	0.00500211588990715	0.00602052305988815	0.0489836419054843	0.0160895339737455	0.00544313142077275	0.00583209487223598	0.00458282324414041
NOG	0.0110782325850062	0.0389853962990264	0.742578204237416	0.00862657663618421	0.00802990553957718	0.0107570125600149	0.133132665017545	0.0182520991057645	0.00941622900460971	0.0111890161836425	0.00795466283121408
NRAP	0.00670352248800918	0.0367390477977305	0.818494376898012	0.00412439090828976	0.00425413812150443	0.00565814175084454	0.101093076422789	0.0102965127508801	0.00409268747844872	0.00465519480054285	0.00388891058294918
NRGN	0.0276971050813234	0.0932969201611913	0.553008037935829	0.0265014970018319	0.0196419686438577	0.0224508060033557	0.116948167144501	0.0685784601212015	0.0259948840873586	0.0270508533421516	0.0188313004773981
OBSCN	0.00622294912966893	0.0299618420102413	0.812922402271178	0.00396735217405483	0.00408722792348375	0.00554793385851703	0.11536771698324	0.00935586344285605	0.00405146857296184	0.00470029646563158	0.00381494716816639
PIGR	0.0116288639439609	0.0435800962373015	0.784621132367236	0.00966955923465095	0.00816752306391364	0.0100794998931257	0.0802200436156308	0.0232547101481426	0.00990905255203269	0.0109947298611726	0.00787478908283284
PLAG1	0.00670014997094673	0.0414267375648098	0.849418242717593	0.00415778801499446	0.00412900566418899	0.00525222297692508	0.0655150322829962	0.0113324105141631	0.00397844449498491	0.00438582714865345	0.0037041386497438
PRR7	0.0102782408731361	0.0395463598862494	0.659829752632677	0.0070865394338766	0.0072209243074515	0.0101240375015768	0.226945753408097	0.0150332544567683	0.00766173611095681	0.00924303439748718	0.00703036699172336
PRRT3	0.0125577494771851	0.0766247155056183	0.644503836094066	0.00721468891509139	0.00773645827400243	0.010378496107295	0.200692161877097	0.0182517648089721	0.00706590131245191	0.0080187878266659	0.00695543980155504
RBM47	0.0255303823304617	0.14196343329972	0.569186049954515	0.0187652920449698	0.015528475250525	0.0173576747600741	0.0994732988351106	0.0655885423390685	0.0164179850270717	0.0165495032284123	0.0136393629300704
RGMA	0.0124098015594968	0.0456841044996204	0.51431062685774	0.00844518705800716	0.00882494974301837	0.0126877020187967	0.351006200005514	0.0173005471228874	0.00927703916496275	0.0113898702618492	0.00866397170810787
RPP25	0.0154488681037599	0.112655367655697	0.626980936736272	0.00867341804992358	0.00916017076278953	0.0118636954575635	0.166185486114591	0.0236924325156477	0.00820805040397271	0.00907843415534337	0.00805314004443962
RPRM	0.00577891547621787	0.0235656140760862	0.842738357205349	0.00405932082186918	0.00399244015976316	0.00540683971252984	0.0922172912521905	0.00907062381879567	0.00428642015301211	0.005042804487786	0.00384137283640091
SLC2A4	0.0105866650459654	0.0695956401969064	0.747304055508637	0.00625061828475036	0.00643078207959618	0.00830608089384213	0.11633381764748	0.0168525801833167	0.00597937492645375	0.00663209717761798	0.00572828805543387
SLC39A8	0.00481569858842172	0.0262818024971208	0.90477555872008	0.00330744538018081	0.00304393682503027	0.00373600565262261	0.0354384068026513	0.00928216655102363	0.00314893994589623	0.00340877089889695	0.00276126813807554
SMIM10L1	0.0169378893054988	0.0754417911686587	0.710812716234463	0.0135793319785815	0.0110969979338513	0.0128798206922802	0.0832864163227678	0.0397240823960268	0.0127402421231331	0.013302917084658	0.0101977947600809
SRSF2	0.0116760840948515	0.0776469974381676	0.767919724052391	0.00744451608893367	0.00703414771165467	0.00852789547072818	0.0769700042045674	0.0223953298512537	0.0068594096974758	0.00731581180324896	0.00621007958672729
STAR	0.00632962693750661	0.02906668963295	0.805567300277782	0.00410620274861763	0.00421384344480004	0.00575119674599841	0.122316998408025	0.00949356170645971	0.00423827260431843	0.00495059822639726	0.00396570926714584
TNFRSF12A	0.0108348469190479	0.042428021411559	0.801646223891964	0.0088813916847613	0.00748942776450718	0.00915036204979862	0.0714986248311912	0.0221796155434497	0.00894014253964577	0.00980676081974973	0.00714458254432565
TNKS1BP1	0.0245133336885812	0.0659677496922801	0.378184267417968	0.0198552416193576	0.0196426128295846	0.0289388713718977	0.351362454532494	0.0341725964596928	0.0243224408090854	0.0321343764576024	0.0209060551214565
TRERF1	0.00262100720444411	0.0140665883402516	0.945876175202508	0.00178038130131996	0.00166842445334807	0.00208169785072785	0.0219491902699133	0.0048353652352595	0.00171759392616119	0.0018818710817132	0.00152170513435349
TXLNB	0.0292571955330703	0.0783481123998723	0.476136701712307	0.028918244569056	0.0233139919173008	0.0297903438075268	0.181826545740621	0.0537078664178986	0.0338839151015368	0.0403735309433545	0.024443551857456
XIRP2	0.00322580614633327	0.0143321359625259	0.914677005101557	0.0021994120398368	0.00217142177623202	0.00290373486561318	0.0484005468267432	0.00513522358418248	0.00226974563472437	0.00262965405301605	0.00205531400923513
YBX2	0.045420369376293	0.147062840023755	0.315608562441066	0.0473208353031018	0.030221339297542	0.0304869581357794	0.105452252117491	0.175864077118653	0.0392281151354062	0.0361073927832026	0.0272272582677107
YPEL1	0.00840052720339306	0.0341386325216242	0.731616293709448	0.00570491740758657	0.00580200457690315	0.0080431585899427	0.174930071743051	0.0124717722403429	0.00607057779935736	0.0072349738356959	0.00558707037265498
ZNRF3	0.0126110366184634	0.0436272661288231	0.744271958189192	0.0104102551101879	0.0091645733494629	0.0118405320973315	0.112137541616008	0.0226309244483893	0.0112221900600273	0.0130176443784382	0.00906607800367671
ZWILCH	0.0123672650251926	0.0443900985557298	0.603617583868823	0.00880226951029645	0.00889341264518271	0.012560503309056	0.260965534293587	0.0180398241082458	0.00970829336639336	0.0118654087985706	0.00878980651892232
ADIRF	0.0155571265049993	0.00671143147089205	0.00558294527029224	0.0122510228926876	0.0802259500464985	0.068593191222564	0.00697255026934133	0.0067639028300027	0.0165242026478826	0.0184549405239804	0.762362736320859
AHNAK	0.0965380664466048	0.0346199276464393	0.0245199615087772	0.336754409986144	0.159797262186851	0.0473130835637964	0.0235013938529646	0.0726536741766923	0.0770923549658349	0.0416884869065686	0.0855213787593269
AHSA2	0.044963648051474	0.02103541669058	0.0181510702130114	0.116408580041502	0.159268144734754	0.0614311393825812	0.0193745025450748	0.0299109378543312	0.142749065021195	0.0775885007755057	0.309118994689991
BPIFB3	0.0813673086536829	0.0219746853021558	0.0148795277558156	0.0240216745553597	0.39437586047941	0.253912683113209	0.0193485729406153	0.018967268954972	0.0230063869641354	0.0238139836995435	0.124332047581101
CALR	0.0367427764240638	0.0143405294149921	0.0113278823256829	0.0219494463392886	0.210193466042192	0.20305458031243	0.014487084855551	0.0136413094202036	0.0264735542902915	0.0293947111429679	0.418394659432337
CHAC1	0.031546300228961	0.0160718891182589	0.0140881998356103	0.0222840317532363	0.100327637135327	0.303494343348284	0.0188342524898963	0.0143969030058311	0.0332078159910703	0.0461698881863144	0.39957873890721
CNN2	0.0668130440571348	0.0148176660397391	0.00986139162022253	0.0375113302448196	0.685695918926697	0.0409217495500191	0.0108478586739766	0.0194711709694956	0.0232370010886753	0.0172734463675079	0.0735494224617121
COCH	0.109642154656741	0.0290039899859979	0.0198107761542916	0.117787447528397	0.391571449963666	0.0592147336599612	0.0206229327306322	0.0455381347915588	0.0552108955823021	0.0357075728961169	0.115889912050335
CSRP1	0.0338634326506299	0.0101387648324541	0.00743394600860335	0.0255225247035998	0.679099815159912	0.044261149201609	0.00851814181781738	0.0121676641735585	0.0216575943059403	0.0173591210976575	0.139977846048218
DDIT4	0.0245086583350501	0.0143586017824733	0.0139752265194203	0.0352371799371678	0.0706691120425413	0.0728909677435583	0.0165999872976518	0.0158575395767195	0.0837164508868959	0.116516731903364	0.535669543975157
DUSP6	0.0421652844287992	0.0187052623807207	0.0158441649872212	0.0846824858670854	0.177865472549435	0.0624414928956105	0.0172826842786865	0.0253461074242415	0.101471854359365	0.0639433978706497	0.390251792958185
ESAM	0.0294788615463379	0.00608043071500075	0.00396700143498091	0.00904539924538557	0.864185210927809	0.0294044271487002	0.0047468638038696	0.00627549805649028	0.00722081779550757	0.00643650695676035	0.0331589823691578
FAM105A	0.0305256241972661	0.0153187649281505	0.013779899032774	0.0590170631185915	0.109194537349954	0.057410643304469	0.0153372473251494	0.0195658410778115	0.105691593665124	0.0764261908929794	0.49773259510773
FRG1	0.0324525740382826	0.0165698843276038	0.0144664909480685	0.0219612078310405	0.0999175878621713	0.36203448034916	0.0195390072466491	0.0145736366622168	0.032254963319769	0.0450618358735581	0.34116833154148
GADD45B	0.0329402616676724	0.0194958034840302	0.01859702374371	0.0290096568457788	0.0874013743985635	0.215945223019461	0.0246448853200085	0.0178846620647741	0.0519209979428297	0.0869039118327526	0.415256199680419
GJB6	0.0398637059826964	0.0151674392261309	0.0121145497956642	0.0500247134891507	0.277638710037582	0.0626342376847245	0.0136517364437277	0.0191105835288154	0.0513817141127363	0.0385884132794307	0.419824196419341
GRM8	0.00972155100868782	0.00242498621553826	0.00167870171171927	0.00497332626698458	0.938157844639847	0.0105454644898004	0.00194574508120744	0.00278497298938594	0.00393602309974518	0.00327028142004261	0.020561103077041
HSP90B1	0.0162833252591517	0.00655076233970372	0.00532847079157628	0.0136912353948464	0.107801267826588	0.0506698884614012	0.00646357200185933	0.00698933390931232	0.0171250167787105	0.0171131799756764	0.751983947261174
HSPA5	0.00154513398988141	0.000721710378198222	0.00062601951752591	0.00156350194156954	0.00693260791788374	0.00539141837790067	0.000761533718813871	0.000768974860985089	0.00238079274842517	0.0026198902312233	0.976688416317593
KBTBD2	0.0656499618868386	0.0271452594609318	0.0210282745599512	0.370216960295878	0.145777704285657	0.045345478373695	0.0205564444859706	0.0514108158929847	0.101347541195226	0.0482642872786468	0.10325727228422
KCNAB3	0.00688514168726674	0.00152329398530028	0.00101855051727171	0.00278096249962678	0.964778392826949	0.00638772584188762	0.00118650937740557	0.00170531363899734	0.00212979390707374	0.0017959220824831	0.00980839363573869
LOC101540963	0.0287026121452029	0.0183518263968006	0.0187287968009944	0.0412645916576372	0.0721076872315686	0.0886088858110659	0.0224745654762765	0.0197216565489894	0.110706331799625	0.208320545222427	0.371012500909413
LOC101543782	0.0813673086536829	0.0219746853021558	0.0148795277558156	0.0240216745553597	0.39437586047941	0.253912683113209	0.0193485729406153	0.018967268954972	0.0230063869641354	0.0238139836995435	0.124332047581101
LOC101546676	0.028733342248807	0.0151059123448499	0.0135494320827797	0.0226222766526752	0.0908601098749887	0.21617960150758	0.0178446823602777	0.0139321429137338	0.0357909949554751	0.0510709620567989	0.494310543002034
LOC101551999	0.0285292186903865	0.00837803352612353	0.00610343811853091	0.0194464253720201	0.734812433749657	0.0394669767470439	0.00706730657466365	0.00977758999971885	0.0168173501841134	0.0138982303501467	0.115702996687596
LOC101553359	0.0327059904315677	0.0138611936010066	0.0109360116879247	0.0158122888677079	0.111083627417999	0.590841312785896	0.0149429711359913	0.0116083568357895	0.0193570073363055	0.0238376500563011	0.155013589843511
LOC101557773	0.0149020735588446	0.00803464365102313	0.00745134129561029	0.0166421597220648	0.0494665342583446	0.0575688662783378	0.00917101446233854	0.00836460740633845	0.0310896863881223	0.0417007739537299	0.755608299025246
LOC101558218	0.0148341035801052	0.0074308470955659	0.00659992727688425	0.0133290033296651	0.0548687841919207	0.0747703517066491	0.00834576315882673	0.00736057400692048	0.0213179716821756	0.0275830553759573	0.76355961859533
MADCAM1	0.0732565536120151	0.0201973109258117	0.0138571344766075	0.0233772126548945	0.42513246756112	0.231419818657684	0.0178923236805799	0.017829836844768	0.0225630136883529	0.0232280108973334	0.131246317000833
MPP6	0.0477682272089403	0.0202299403811994	0.0167609544940185	0.0967601444338036	0.210604909351501	0.0638989542955822	0.0181395475977901	0.0280644355900485	0.0993114871997656	0.0608302455004975	0.337631153946853
NAALADL2	0.0522835086863716	0.0153720730124515	0.010952571897041	0.0213467839423823	0.514212894007514	0.156890807509026	0.0138127809448567	0.0145492002752788	0.0210841750143246	0.0211865015991559	0.158308703111597
NFE2L2	0.0482282279395468	0.0197314651636928	0.0161332367625267	0.0886752341011718	0.233042446641195	0.0643566691515528	0.0175579689909946	0.0270501465300389	0.0875391094579886	0.0556815426884799	0.342003952572812
NSRP1	0.00740788668196499	0.00350231151821333	0.00306802838204153	0.00931961965755719	0.0324026434046035	0.0195174958597847	0.0036057147103637	0.00400077155860799	0.0147645722681021	0.0143377842976058	0.888073171661155
NUDT15	0.00584218635578161	0.00256618096121106	0.00217358972944464	0.00631419269057262	0.0307279436220161	0.0159577188404745	0.00258025727229916	0.00287336813269613	0.00883766220527616	0.0085524841229377	0.91357441606729
PCP4L1	0.0618535774128199	0.0161490117726646	0.0110419025753989	0.0206425401597518	0.564244536261383	0.144209553410803	0.0139293285830749	0.0149953664569891	0.0192471799363137	0.0190493581690231	0.114637645261779
PDIA4	0.0365606129521407	0.0156359256021325	0.0126055889237297	0.0204557912107187	0.145330551012325	0.389726103180707	0.0167758929061177	0.0138477707743544	0.0259385223228316	0.0316005966824533	0.291522644432489
PDIA6	0.0113019579800867	0.00556460761681045	0.00491232965288629	0.0103463507696115	0.0437294744012916	0.0529312993578881	0.00616287176111759	0.00559117793554189	0.0163694734152797	0.0204937873129194	0.822596669796567
PDPN	0.0534245519848353	0.0203270993701948	0.0161307993495257	0.0886721182568415	0.292358491499164	0.0648097324030351	0.0175348383686691	0.0280518400887303	0.0763680243178973	0.0493397197039563	0.29298278465715
PLCB4	0.115159026057653	0.0352472327311461	0.0243665356365417	0.217714574929568	0.242844280277103	0.0563662682838079	0.0242173360470815	0.0649240035258794	0.072022203932486	0.0421776186483401	0.104960919930393
RGS6	0.0134797141253104	0.00701582820042728	0.0064304756600074	0.0183630695606321	0.0481280750708502	0.0378437395904032	0.00758268651366371	0.00792745659788704	0.0349409081734072	0.0379006815498323	0.780387364957579
RRH	0.0275308655632639	0.0103310678598687	0.00820786729440013	0.0249820167411369	0.233001265303056	0.0610571186323733	0.00967015764844842	0.0117219133715097	0.028097806506877	0.0250198587984396	0.560380062280626
SCG3	0.0475278891471147	0.0143318868202302	0.0105060289664038	0.0434721764938824	0.588154754021643	0.0508017289398219	0.0117147692190117	0.01847366172426	0.0332709371844157	0.0245625706321157	0.157183596851101
SNX25	0.0773252459980593	0.0133240667990211	0.00836147691866633	0.024153264661619	0.733683550440841	0.0384820415867723	0.00943908375578145	0.0158563849789445	0.015770819445723	0.0126406635638206	0.0509634018507512
STT3B	0.0734489878521399	0.0215449137694614	0.0154801469171251	0.0825726595800244	0.474352726320413	0.0572158365557349	0.0166162364844376	0.0308591590621057	0.0498854481763188	0.0333068169649415	0.144717068317298
TMEM50B	0.00237285001535379	0.00107225338618909	0.000916299797047707	0.00230344569117536	0.0115056729647358	0.00817167315124154	0.00111456995872309	0.00114206218798246	0.00334467230817235	0.00358940401665912	0.96446709652272
TP53BP2	0.0131053279443628	0.00573810923448186	0.00486014728150133	0.0158739717136664	0.0685811667497663	0.0306603670652651	0.00566284765077862	0.00668649240561599	0.0219045392838241	0.0195662168439811	0.807360813826756
TPPP3	0.0278714299691325	0.00562558417183933	0.00365494859503743	0.00852202929378793	0.876052606702112	0.0257376233916733	0.00434888565982259	0.00587979942071241	0.00668282032150647	0.00589336620618053	0.0297309062681951
TREX2	0.00188014527589334	0.000869498999261153	0.00075272366924654	0.00206215385376015	0.00869934190483876	0.00567885881894624	0.000901029843788148	0.000956932856042941	0.00312472537577841	0.00322576353439833	0.971848825868046
TSC22D3	0.00402719298550256	0.0017871816404908	0.0015142977082258	0.0037652732291104	0.0203515172164654	0.0140725141669865	0.00184645559055339	0.0018933224278128	0.00532645608910951	0.00568944063358905	0.939726348312154
TTYH2	0.0619827151358223	0.019784169904845	0.0141372884613708	0.0225953001684205	0.2959163898419	0.346298724149477	0.0186301641637393	0.0170588536607699	0.0234689293222893	0.0254152810821466	0.154712184109219
TUBB6	0.0459126916311415	0.0156689542354636	0.0120064888594389	0.0495880030325481	0.430589428847056	0.0613830369664349	0.0134834673608706	0.0198978030022406	0.0438503244456377	0.032693789059702	0.274926012559466
TXNIP	0.0394603748723379	0.0159903942325406	0.0125499810094557	0.0199704470133225	0.161076096232548	0.434493110453667	0.0167528318316324	0.013961412766789	0.0241537900180961	0.0286938281679837	0.232897733401628
IL13RA2	0.0464178849571392	0.0666387162488476	0.0591930436031252	0.0927810336954917	0.0321524762524989	0.0239294577291049	0.0370838824991489	0.541072664054374	0.0442550292790142	0.0301501297591709	0.0263256819220846
IL33	0.0533694560603065	0.045835037178607	0.0394786659022514	0.386017437150863	0.0480558093314068	0.0294002783722088	0.0300179882310386	0.203395232119787	0.0821117907151127	0.0425074558639595	0.0398108490744579
ITGA6	0.0248193044458625	0.0187242612849082	0.0170232979731258	0.701948256677892	0.0280167671762711	0.01629362738979	0.0139091428473773	0.0563155277940274	0.069200088107058	0.0282064677565312	0.0255432585471565
LOC101553708	0.0544351743718007	0.0695106058727563	0.0662781799836464	0.150214087880957	0.0417291449485472	0.0304636659527919	0.0433533530819819	0.39800009290664	0.0675451687533323	0.0429182459811743	0.0355522802663717
ARL4D	0.012015233580323	0.006791591033579	0.00572007322539152	0.00559553695704051	0.0226806965334985	0.884752891741216	0.00874609475932831	0.00484082165804542	0.00731382902821996	0.0104142951614137	0.0311289363219444
ASIC3	0.030917180989751	0.0160960711182253	0.0120825143719182	0.0103313671149099	0.0448641524889793	0.78776736912802	0.0191040299926218	0.0102596455593542	0.0118867960878068	0.0154228427795106	0.0412680303689026
CRELD2	0.027145576660063	0.0163276569909417	0.0146901406934159	0.0154597572404655	0.0556020914459421	0.677378626615209	0.0219085610762168	0.0123649646335064	0.0222473752569175	0.0343274871746299	0.102547762212692
CRYAB	0.060704834201036	0.0206896665652962	0.014366632400987	0.0178412458489744	0.145679345658337	0.577462448953057	0.0200446821010966	0.0156612527822031	0.0185835132463069	0.0212111337818382	0.0877552444608678
KLHDC7A	0.178763942416134	0.0664408268710527	0.0381483872368358	0.0300629704452869	0.132677474803311	0.322555540196987	0.0578068846005571	0.0368622960940615	0.0284034977664895	0.0320198375228791	0.0762583420464047
LENG1	0.0184139313787162	0.0102650874874527	0.00885980982970521	0.00967781019067437	0.0396675179488598	0.793047370763799	0.0130915817727786	0.00777997410960154	0.0132512941704717	0.0192681564562333	0.066677465891708
LOC101554925	0.0639774027344647	0.0340936303657792	0.0243163554024145	0.0186236215157626	0.0756520651910688	0.614776864795513	0.0395514688620997	0.0200725847397747	0.0205188453137237	0.0259911438415223	0.0624260172378768
LOC101556436	0.0388685160346617	0.022219219142355	0.017040039365264	0.0133932570571318	0.0524007219331065	0.727885611398333	0.0278239809363813	0.0136586118178035	0.0156503249844069	0.0207760952095098	0.0502836221210468
LOC105942832	0.0216236521501274	0.012868005534017	0.0105921729833468	0.00893652060004141	0.0338913087425092	0.820343952555871	0.0169971877667737	0.00844837752182065	0.0111983814971297	0.0156969610443894	0.0394034796039732
RASSF2	0.0164772282882542	0.00768812846476031	0.0057482272444243	0.00566350919743902	0.0288802940204713	0.880471350868779	0.00868001060528762	0.00526871339170452	0.00649994516818304	0.0082568314474255	0.0263657613032716
ANXA3	0.0259949195223838	0.0203330525331005	0.0196476403608637	0.632418803657639	0.0314297528919102	0.01921728882375	0.0162298515240124	0.0536043520699063	0.110515997031704	0.0392425641122822	0.0313657774724477
AOX1	0.0752035464249292	0.0302611599755829	0.0220732045873701	0.444869193166236	0.116138778948124	0.0388539476146933	0.0207412751782024	0.0677868486994189	0.075367151597855	0.0383300751854398	0.0703748186221482
BCAP29	0.0223001808613071	0.0142705484183699	0.0133214325875435	0.602760911614006	0.0361186772779522	0.0194491050592048	0.0121481138594272	0.0293260423334329	0.167381315862611	0.0422410039977764	0.0406826681283689
CA4	0.00697478432091273	0.0045764066168586	0.0041368297324334	0.906827474100693	0.00968304394831013	0.00516185852340203	0.00361872258615585	0.0110327634356965	0.0289860870282437	0.00955174203172983	0.00945028767556402
CLDN5	0.0233886467271021	0.015503757784336	0.0152675179734618	0.233572164015364	0.0416358448227045	0.0247180489480364	0.0143996835160869	0.0277580698826883	0.473799836293453	0.0722933433123184	0.0576630867244489
CLVS2	0.0207488956584462	0.0117755393339777	0.0102878321931004	0.720992442164443	0.0352892801168275	0.0164810713159885	0.00951533715517157	0.0246590103717102	0.086837840460896	0.0282122595257562	0.0352004917036828
DIMT1	0.016015309132193	0.0088715240699936	0.00708893709195965	0.851905695859645	0.0203756484472332	0.00926137892242636	0.00623390818711252	0.0240919578872229	0.0280648621615876	0.012268930465996	0.01582184777463
IGIP	0.00347445187509402	0.00219424976137265	0.00187790794953592	0.961893215757789	0.00441506696364445	0.00224383028123439	0.00161951668093925	0.00593218498299995	0.00897796923095941	0.00352372969058968	0.00384787682584153
KCNRG	0.0392402986999654	0.0185555777679763	0.0143591931088418	0.659833689767549	0.0589633652334801	0.0228973162391009	0.0132021226970091	0.0436339714510949	0.0597076391579601	0.0270849283961922	0.0425218974808301
LOC101543927	0.0377016772490797	0.0207024677633797	0.0185398936465476	0.347180511350161	0.0801050518778395	0.0371818965103683	0.0180457895035419	0.0367142423489791	0.234251613297261	0.0699914624794221	0.0995853939734193
LOC101547343	0.00534322204965205	0.00350621017259954	0.00314468078482295	0.931416879962334	0.00725325378157474	0.00385106947145048	0.00273634009228012	0.0086792495863208	0.0202158487490422	0.00692429252766454	0.00692895282225895
NOSTRIN	0.0342504760627534	0.030496643294943	0.0336638278902015	0.308161191164337	0.0428636571559613	0.0305483088432141	0.0277694502433292	0.0663357041034307	0.287603189627555	0.0887263405219487	0.0495812110923254
NR1D2	0.0236693015791966	0.0123798851528246	0.00972083184681328	0.790096722775774	0.031151095267767	0.0134592354281431	0.00866257711668459	0.0324534532299044	0.038047634138143	0.0169841205713654	0.0233751428933839
OCLN	0.00145671511980771	0.000880705428626139	0.000748185398284306	0.984058768898109	0.00195097944892394	0.00095628728342465	0.000655646716489676	0.00226744621862083	0.00384338735451881	0.00148235766583729	0.00169952046735717
OSBPL1A	0.0568945460856809	0.0246642825400293	0.0190791471575467	0.483496251047988	0.106451173889006	0.0363534512649173	0.0182036765103865	0.0507409416086586	0.0878730315727091	0.0405996323047899	0.0756438660182879
PECAM1	0.0171993030048952	0.0116726827429643	0.0109857359624069	0.721023719851283	0.0250601475552371	0.0140328912295392	0.00970647042168515	0.0260473663804895	0.107580705617174	0.0299467795571752	0.0267441976771504
PPFIBP1	0.0373095926449954	0.0241420609136071	0.0192471816159387	0.650722838359804	0.0382496042735385	0.0196955707585257	0.0159464751937401	0.0846008060022848	0.0544788894784518	0.0260604675738939	0.02954651318522
PTPRM	0.0314059012902137	0.0207311977494542	0.0168769639672782	0.695066260069381	0.0330455200953403	0.0172520573145259	0.0139793427144131	0.0704535090823548	0.0511677453440116	0.023789142814576	0.0262323595584518
RAB21	0.00291776217396192	0.00183116741668867	0.00156583947838322	0.967988029635932	0.00373707979652875	0.00188979904823868	0.00135365796731132	0.00491250593350157	0.00758104473763845	0.00296475370468888	0.00325836010712595
ROCK1	0.0260281101014735	0.0168435235540898	0.0160727754480678	0.426940681894239	0.0442347943312381	0.0246423844804898	0.0148768957644585	0.0325429781563583	0.283662451334595	0.0598967382590199	0.0542586666759699
SCARB2	0.0618519456297245	0.0263212024179435	0.0207786994764419	0.357437763062588	0.1445919401514	0.0460806481996212	0.0204285056159898	0.0485542352574888	0.1112267777647	0.0514304153378447	0.111297867086258
SCYL2	0.0259643182021295	0.0200511734996197	0.0199064793196715	0.567101210712585	0.0338411309631552	0.0210222180088669	0.0168494390159549	0.0473405020922367	0.162931368193306	0.0487203489310355	0.0362718110614398
SDPR	0.0142637614514341	0.00902405866131117	0.00748976555745275	0.856680024472266	0.0166214420130727	0.00842553829575052	0.0063572010674192	0.0269591078241907	0.0283282934430523	0.0122014160765397	0.0136493911375104
SGMS1	0.013905863726791	0.00829038125257443	0.00734425214959035	0.809792568612775	0.0221268774644737	0.0108664900655195	0.00667955599170729	0.0180601482287354	0.0613955348440001	0.0194356526894298	0.0221026749744033
SLC2A1	0.00170401154146441	0.00105372739218869	0.00090060372339377	0.98118364871784	0.00223459784107049	0.00111683741712148	0.000783711311542388	0.00276226077869322	0.0045483907771592	0.00175509756436355	0.00195711293516257
SLC30A5	0.0233508643437266	0.0176300790477072	0.0162120298513429	0.710994415932362	0.0269340764534132	0.0157472143082559	0.0133090721826535	0.0512161028015402	0.0714117744357528	0.0281665959899373	0.0250277746533083
SPPL2C	0.0476768832457543	0.0232640997231186	0.0196940679773508	0.352250276023753	0.1113452626727	0.0431655568927106	0.0193943249043912	0.0412875636960951	0.162213932590727	0.0624661764312124	0.117241855842187
TMEM88	0.0356931494695893	0.0191011354111862	0.0166260836869716	0.488012044248598	0.0707930853559757	0.0311412093588897	0.0159011855433789	0.036279897121378	0.158618468616242	0.0521927281126746	0.0756410130751158
YAF2	0.011367010883749	0.00697076023214581	0.00622831126385812	0.842829798558225	0.0174833537516332	0.00882285689229918	0.00561178553863853	0.0155035909824404	0.0515300544352211	0.016155732121155	0.017496745340635
ALOX5AP	0.0147506163203305	0.0607242285694537	0.0906405518002143	0.00680189315596653	0.00927037595273476	0.0150308579497045	0.764832287908506	0.0138955699632431	0.00705535820962626	0.00862893430372115	0.00836932586649925
BTD	0.00567800803077549	0.0165075688454006	0.0436072370838757	0.0032730499331325	0.00419000622542929	0.00719643500668646	0.900789920640899	0.00576681241438146	0.00377954942428867	0.00501880886919579	0.00419260352593464
CAD	0.0216117222498849	0.0593751567635672	0.0849099674498501	0.0101556981327677	0.0150661360719988	0.0281173540427625	0.722603544721662	0.0178336249303991	0.0112778152529158	0.0147200811406269	0.0143288992435644
CIRBP	0.00604805646602396	0.017415489427867	0.0418353747655454	0.00339382773435314	0.00444082367309525	0.00774008811409777	0.899651810336115	0.00596021951610179	0.00390556277305774	0.00518670355893485	0.00442204363480785
DGAT2	0.00687190357114534	0.0280587847278277	0.0573571138773247	0.00341704221170316	0.00444695922671989	0.00710099782532421	0.873662210751769	0.00696615689473154	0.00359583616438972	0.00442615067557287	0.00409684407349224
DGKQ	0.0338706821184375	0.0678257978381901	0.1432038301867	0.022117783149848	0.029444965502569	0.057564723044074	0.508373777586608	0.0317221485911117	0.0290362862075171	0.0438572923755247	0.0329827133994195
DNAJC30	0.0057830060451174	0.0204250954187842	0.0385734373484618	0.00287182051142672	0.00386521566695377	0.00647529265664352	0.905851420837174	0.00553305226002325	0.00309686397461655	0.00390393209316148	0.00362086318763705
E4F1	0.0280636272261008	0.0608136037124839	0.112753635594759	0.0160094826610132	0.0227225392557982	0.0451828362887987	0.618003134524229	0.0245294538386988	0.0197255994307654	0.0282079825168228	0.0239881049505306
ERCC5	0.0157388690074206	0.0747696539696997	0.121394337347336	0.00738202662642883	0.00967951131572379	0.0150159408769904	0.714955113424673	0.0158600087625809	0.00751923431699538	0.009028702894547	0.00865660145760418
FAH	0.0237527295678597	0.059504065115178	0.227693475927589	0.0174565592295607	0.0193799925675465	0.0314367264054557	0.519158130394502	0.0282595163897936	0.0219178637241467	0.0305311376911762	0.0209098029871923
FBXO40	0.00150728052913803	0.00497140911167462	0.0120181904492556	0.000811048133776926	0.00105248198425125	0.00176391731920352	0.973288304963569	0.00151639827536578	0.000899575513032691	0.00115587446421193	0.00101551925652021
ITGB2	0.0128481609696204	0.0377977450451468	0.0624988813984495	0.00630776755080474	0.0089528372330759	0.0161059936177497	0.819510612437122	0.0113118330046565	0.00700426947928085	0.00910363378631523	0.0085582654777781
LENG8	0.0538182761149574	0.084851975283182	0.116371701673596	0.0293887026985927	0.0488211270927743	0.121879532900653	0.354534624718177	0.0390883504227192	0.0381850823754122	0.0584396135415384	0.054621013178398
MAN2C1	0.045864010011306	0.0756388768310063	0.149626120428855	0.0354363397675381	0.0453176626612543	0.0903140992291598	0.314413785039202	0.0436891691162794	0.0526344710931707	0.0905283479858343	0.0565371178363932
METTL20	0.0120753505173438	0.031656672897911	0.0727902821475414	0.00693878604523447	0.00918829607622924	0.016542692820627	0.810441067914094	0.0116371280975089	0.00819965139823859	0.0111706980048271	0.00935937408044493
MLYCD	0.00319203160122837	0.00991619699909342	0.0289277504177209	0.00184357592851114	0.00231204476503467	0.0038605847157766	0.939467892454218	0.00335294094808572	0.00209753008998197	0.00274100136716823	0.00228845071318103
MOCS3	0.00400773744812924	0.0162303560538759	0.0488505027142112	0.00215823570560615	0.00266217210987268	0.00415201091886914	0.909891764214721	0.00441157076493523	0.0022992314098685	0.00283820936127504	0.00249820929863535
MYOM2	0.032795222605867	0.0681053505136515	0.175487316779582	0.0237793804268865	0.028759493163016	0.0518604055801299	0.472309054039729	0.0342456620770872	0.0318340054064575	0.0481648140381152	0.0326592953694783
NRARP	0.0326082618097697	0.161341398238757	0.146434937727969	0.0132969563862396	0.0187848937034585	0.0294270748486968	0.524403507095396	0.0288997907052048	0.0131455811793323	0.0155360872202648	0.0161215110849121
PERM1	0.00534372361687457	0.017017436273658	0.0620047053903773	0.00323492406424283	0.00388821549565989	0.00629591029661948	0.883909544635951	0.00596470417309822	0.00368511460126908	0.00478776277082473	0.00386795868142518
PRDM11	0.00865227733827287	0.0265258850073886	0.103878552971559	0.00544171237353187	0.00641946288043075	0.010364023718385	0.807846541291376	0.00985841642041897	0.00629083735961041	0.0082491373720784	0.0064731532669478
RRM2	0.00220430361874797	0.00719184497138001	0.0164429609330998	0.00117155232510288	0.00153756798641813	0.00259834114606345	0.962220729185308	0.00218060387857698	0.00129917946255713	0.00167152599386465	0.00148139049888095
SRSF5	0.0327464105631387	0.0985457063318342	0.107527291001773	0.0137362850037838	0.0211453493432895	0.0384339558720393	0.610407463735034	0.0254106895180528	0.0145747250840489	0.0183494953064951	0.0191226282405109
SYNPO2L	0.0536336524633561	0.121134152204818	0.115385467924635	0.0211016269696124	0.0361099249671648	0.0738308004116947	0.457867481648239	0.0357969974604651	0.0228521268855895	0.0294513796907879	0.0328363893736371
TOR4A	0.0817077883766732	0.23409071961178	0.120284027756079	0.0243131002001646	0.0430159536686243	0.0739221748530989	0.289505446629319	0.0480180234346162	0.0234402138421139	0.0275060771299245	0.0341964744976063
TUBG1	0.0100146400385844	0.0412432286333583	0.0729834214259638	0.00481472654780083	0.00639332490027017	0.0102722177229833	0.827399855544265	0.00983775948546131	0.00503163398555377	0.00617355773748295	0.00583563397827612
VPS37C	0.055866855373069	0.0716973620825438	0.103157218382736	0.0390906927094137	0.061975716112627	0.161483574640552	0.209711636223226	0.0428240438271012	0.0599543906128223	0.110720841748812	0.0835176682870964
WDR54	0.00187501435713894	0.00672057033082049	0.015684892833204	0.000980559147428752	0.00127080235024384	0.00208627948054265	0.965869713616823	0.00189964216002251	0.00106477014934522	0.00134384753246128	0.00120390804196905
YIF1A	0.0697325065802963	0.106584217422082	0.105592148316766	0.0287933880513777	0.0554462531246568	0.145140813466589	0.313105065089311	0.0414636569442531	0.0335435229310925	0.0463157539617065	0.0542826741118681
ZDHHC8	0.0233604147898728	0.0567506346097219	0.186881430669848	0.0165041753602658	0.0191612671213489	0.032301697401986	0.567837641651716	0.0262123533239265	0.0208206330421985	0.0294384448100996	0.0207313072190162
ZNF70	0.00375232088932377	0.0113393840346284	0.0300953589310092	0.00213243275020099	0.00272710810408306	0.00463540577815466	0.93315408544931	0.00382839110812445	0.00243418979423508	0.003199362259661	0.00270196090126982
