Stg2	Stg3	Stg4	Stg5
ARHGDIB	-0.538251303464669	1.49144991631668	-0.602235455017962	-0.350963157834052
CALCR	-0.645017771001079	1.44964338104664	-0.120554968654504	-0.684070641391059
CAPN2	-0.702948089469813	1.40188295230966	-0.73439157997897	0.0354567171391217
CARD11	-0.533531788802277	1.49818827012938	-0.429913194632011	-0.534743286695093
CD82	-1.272067115161	1.16156010173851	0.170400118835577	-0.0598931054130861
CIT	-1.28497337124631	0.80318939495548	-0.301174581158415	0.782958557449244
CORIN	-1.19307125914572	1.23136199862844	-0.191765630095039	0.153474890612314
EXOC3L2	-1.29476454735071	1.13215642869832	0.200857159986408	-0.0382490413340094
HIVEP1	-1.30942630248122	0.864288776992625	-0.246117678299117	0.691255203787716
IER3	-1.30335732452988	0.623750025072835	-0.243832602606061	0.923439902063103
KCNK2	-0.90567715869666	1.37802603455094	-0.527066515899838	0.0547176400455549
KIAA1462	-1.14769134061593	1.14328225367149	-0.431212435366414	0.435621522310851
LAYN	-1.44401238111272	0.801196330331419	0.139327760279912	0.503488290501393
LOC101537169	-1.4280685140294	0.883184224125453	0.145642103939115	0.399242185964829
MSX1	-1.03755201995048	0.920326938499876	0.789917289892012	-0.672692208441404
MTHFD1L	-0.846815449957424	1.42792799987038	-0.484307820842473	-0.0968047290704789
MYLIP	-1.35937285378648	0.955268908942405	0.483047307683247	-0.0789433628391729
NIM1K	-1.38848442885395	0.970224625070272	0.356276998374883	0.0619828054087994
NXPH4	-1.30704761745211	1.08051445106458	-0.108607715697066	0.335140882084589
P2RY12	-1.24147666139957	1.12697713714748	0.358997306457455	-0.244497782205367
PRKX	-1.29510981224891	1.11016822751956	-0.0987298691686492	0.283671453897999
SCD	-1.37535579213075	1.01427235116361	0.265563532529409	0.095519908437734
ZFP36L1	-1.20497005962016	0.64745331579409	-0.418894442695715	0.976411186521784
LOC101554385	1.13451810086895	-0.939150950217218	-0.734778548516643	0.539411397864906
NKAIN3	1.12643766885216	-1.23146289019292	-0.27084646196387	0.37587168330463
PPAP2A	1.34949866620186	-0.898201119524276	-0.593244584649346	0.141947037971763
SEMA4F	1.20969806191602	-0.810363718223374	0.432870291138117	-0.832204634830766
APC2	-1.08170072426312	0.172342972428152	1.28737200143615	-0.378014249601178
ARHGAP32	-1.11967019706749	-0.322363747294906	1.26996565643235	0.172068287930052
ARHGEF19	-0.650018387364862	-0.52699495063362	1.48490842579724	-0.307895087798761
ARSI	-0.865051533991406	0.03065756818146	1.392553151687	-0.55815918587705
CDKL4	-1.44711913217037	0.177901184957033	0.820000838224771	0.449217108988563
CHP2	-0.623172612592592	-0.931007723261277	1.29532865355153	0.258851682302336
CKMT2	-0.30726329142624	-0.648018567801861	1.48495902491483	-0.529677165686731
CSMD2	-1.11703503600695	-0.326780199108303	1.27106434073792	0.172750894377338
FAM149B1	-1.45066205200273	0.250961092894503	0.837502478377842	0.362198480730385
FUCA2	-1.07625493979701	-0.512254252388156	0.395763593280477	1.19274559890469
HSD11B1	-0.898597290735293	-0.832524317024109	0.888311190920185	0.842810416839217
IGSF9B	-1.04555373784079	-0.292007606610926	1.34959406952455	-0.0120327250728323
KCNJ4	-0.670696685580073	-0.540377038074183	1.47869458830362	-0.267620864649361
KMT2C	-1.10375229059	-0.42164059639104	1.23202487788703	0.293368009094005
KSR2	-1.361770376506	-0.00448234643406925	1.0088855507269	0.357367172213168
LAMB3	-0.741647998459905	-0.894599661461213	1.21245648762109	0.42379117230003
LCP1	-0.604429697634815	-0.346369260797452	1.4909495139544	-0.540150555522129
LGR6	-0.962999079468851	-0.249476540010395	1.40478200545167	-0.192306385972424
LOC101541112	-0.669189206385351	-0.397669581389725	1.48866519555334	-0.421806407778264
LOC101542682	-0.598326365037051	-0.370180376393239	1.49320564801496	-0.524698906584667
LOC101545074	-1.24669397440309	0.133367224612984	1.19235948613334	-0.0790327363432297
LOC101551380	-0.5	-0.5	1.5	-0.5
LOC101553461	-0.52027160958191	-0.474040922398632	1.49972146350306	-0.50540893152252
LOC105943002	-0.549670003267457	-0.526612028193837	1.49765942452912	-0.421377393067824
MB	-0.400171805293837	-0.646998212249785	1.4913074164829	-0.44413739893928
MTSS1L	-0.9335154645465	0.109968574786705	1.35446667446081	-0.53091978470102
MYO10	-1.39249976308698	0.0676694190156426	0.961394719201285	0.363435624870048
MYOZ2	-1.19116607369363	-0.181762775445973	1.23674565537073	0.136183193768872
NACC2	-1.27770602877532	0.25922279806498	1.13438831788805	-0.11590508717771
NOTCH1	-1.29815400296694	-0.0843790049855184	1.11077669995453	0.271756307997929
PDGFRB	-1.15339878742474	-0.156282759005773	1.28238123401216	0.0273003124183533
PFAS	-1.0815484457856	-0.058792532274471	1.33718014491646	-0.196839166856385
PLIN4	-0.97125921940981	0.46937519256716	1.17571189536875	-0.673827868526095
PRKDC	-0.782147863331009	-0.365638481994789	1.46715866318436	-0.319372317858567
PRRC2C	-1.11790551994496	-0.177455604654792	1.3109363709028	-0.0155752463030505
REEP4	-1.25710991529793	0.029734460453781	1.19056088035268	0.0368145744914717
SERPINE2	-1.42495881662069	0.108318934911306	0.871614444089982	0.445025437619406
SHANK1	-1.41628669268769	0.089485419793534	0.893534896047154	0.433266376847004
SHANK2	-0.995935405783716	-0.618897550047184	1.20818807897598	0.406644876854922
SOWAHA	-0.799167442052628	-0.365643603218716	1.46253158445728	-0.297720539185938
SOX9	-1.19363131951842	0.303307503362432	1.18235610998869	-0.292032293832703
THADA	-1.06856842673924	0.26640880466961	1.25707567449769	-0.454916052428057
TNR	-1.27585041620732	0.0759911802108345	1.1685243607152	0.0313348752812817
TRAF3IP3	-1.10366438298876	-0.587733431476821	0.900839907663707	0.790557906801875
USP31	-0.897456574394617	-0.601767481020701	1.34484778423355	0.154376271181766
ANGPT1	1.37516409445567	-0.232566518469483	-1.01966912459116	-0.122928451395026
BANP	1.33980976524433	0.124660801887704	-0.974136561395065	-0.490334005736965
CCAR1	0.6952195280203	0.550453163523131	-1.47072221527246	0.225049523729032
CRLS1	1.0793878684092	-0.255676902009674	-1.25752127806981	0.433810311670283
DNAJB1	1.20551254247469	0.316272013855931	-1.14089057108551	-0.380893985245104
DRAXIN	1.3661064436324	0.115433517978909	-0.847886643065605	-0.633653318545705
DSTN	0.849760221503241	-0.111554811928213	-1.36734853536321	0.629143125788177
F2RL1	1.29949416692237	0.219750282961208	-0.993045525002192	-0.526198924881386
F3	0.8964961771749	-0.816386123584697	-0.913725299605739	0.833615246015537
FARP2	1.43560668158786	-0.154356125673013	-0.85788796312384	-0.42336259279101
FBLN5	1.39387522062062	-0.138016654500285	-0.981109763389589	-0.27474880273075
GNA14	1.44959640172226	-0.210011137997589	-0.827494077462942	-0.412091186261726
HMGN3	1.43256836119184	-0.592259350483631	-0.769380174183117	-0.0709288365250869
HNMT	1.11165694874091	0.105237880827137	-1.32003975019818	0.103144920630132
JMJD6	1.31899624094875	0.115181284185661	-1.04765615458892	-0.38652137054549
LOC101538210	1.20712854815768	0.024613977315298	-1.24182653103215	0.0100840055591737
LOC101539261	0.875435401353396	0.307201084115939	-1.43982452544375	0.257188039974418
LOC101541578	0.755141944626815	-0.291694991627965	-1.28938200745411	0.825935054455258
LOC101548462	0.497430120249025	0.395219520509077	-1.49464564806131	0.601996007303208
MANF	0.569282071963527	1.1035759292858	-1.00790953110836	-0.664948470140974
MBD2	0.845961447911157	0.0690238415225803	-1.42211326911007	0.507127979676331
MRPL42	0.921023037574484	0.547001951793676	-1.35649010242844	-0.111534886939717
NFKBIA	0.90336231900156	0.732610144488504	-1.21106125394295	-0.424911209547114
P2RX5	1.0715266179815	-0.42682891730557	-1.17728458467139	0.532586883995455
RBM15	1.30569545172325	-0.335050502581119	-1.08190639130943	0.111261442167298
RBM39	1.1226925188854	-0.0363598703744336	-1.30085364639262	0.214520997881658
RGS2	1.16894223129044	0.400183860886292	-1.13266403058636	-0.436462061590369
STMN2	1.14767153488604	-0.061261081356298	-1.28109183429818	0.194681380768431
TIPARP	1.37704023660558	-0.115821458717627	-1.01467264780973	-0.246546130078224
TOP1	1.06175962121003	-0.241899084601217	-1.26960046375519	0.449739927146375
AGL	-1.02637563691445	-0.437528653173892	0.147309585726603	1.31659470436173
ASZ1	-0.778346114315659	-0.739043498063799	0.168459083608999	1.34893052877046
CASQ2	-1.23897981216815	-0.212181249905237	0.297226747237916	1.15393431483547
DSE	-0.554756405782424	-0.486128336567914	-0.457873540787889	1.49875828313823
ETS1	-1.34094069526731	-0.0846966731391595	0.414085046796341	1.01155232161013
FLT1	-0.583270331920283	0.0598041243303269	-0.860588318830996	1.38405452642095
POLR2A	-1.21487333650958	-0.263258890716951	0.313425365967012	1.16470686125952
BAK1	1.38572301542503	-0.0918043331650244	-0.304737986753375	-0.989180695506631
EPN3	1.4108190116148	-0.523581718064835	-0.0301837102725231	-0.857053583277441
FKBP4	0.948274894610333	0.751626176455398	-0.636642085848388	-1.06325898521734
GPC2	1.49729850748961	-0.45559498842842	-0.457775317113236	-0.583928201947954
LOC105943044	1.0133937605503	-0.029880209355888	0.370939812571267	-1.35445336376568
RPS15A	0.32480406826852	1.19905236097277	-0.377411281045657	-1.14644514819564
A1BG	-0.203668129561138	-0.788304659990159	1.45647846877568	-0.464505679224386
ABCC6	-0.537743055516059	-0.532681220952183	1.49806702274758	-0.427642746279341
ADGRA1	0.0407742641450484	-1.01331779900714	1.35189409674035	-0.379350561878252
AGFG2	-0.311021974277453	-0.926015113463241	1.41871569549338	-0.181678607752684
ALDH8A1	-0.57515251303595	-0.764167724565555	1.44049016688407	-0.101169929282564
ANKRD23	-0.087812639387397	-0.861705810641997	1.42316825934443	-0.473649809315039
AZGP1	-0.0496418169082771	-0.852384421259692	1.41645364579604	-0.514427407628069
CC2D1B	0.594978064452463	-0.990019759394226	1.08854077105794	-0.693499076116176
CDC42EP4	-0.597115917340586	-0.839200418431701	1.39183944666692	0.0444768891053685
CECR6	-0.171502715735797	-0.924136147623588	1.41855100331901	-0.322912139959627
CMYA5	-0.876792937858284	-0.854955335689231	0.845756027631053	0.885992245916462
CNTN6	0.0574417582887717	-1.34837735345312	1.06099252709192	0.229943068072422
CSRP3	-0.491678055996038	-0.574775080778204	1.49739075287557	-0.430937616101328
CTSH	-0.211802282384318	-0.985133769111626	1.39481069522116	-0.197874643725215
DACT3	-0.359424451438278	-0.83058138206623	1.45316714625202	-0.263161312747514
DEPTOR	-0.418917354741666	-0.812994445969082	1.45403254910371	-0.222120748392959
EFHC1	-0.389470181741688	-1.15545280112705	1.17236666169586	0.372556321172878
F12	-0.179937137987807	-0.917932804269438	1.42139207269948	-0.323522130442233
FABP3	-0.171213790003437	-0.532599514498633	1.45629494707116	-0.752481642569093
FAM124A	0.895637513645909	-1.22806300026693	0.729436215587699	-0.397010728966678
FAM131B	0.706585403726403	-1.1052594956798	0.973826554831725	-0.575152462878326
FAM163B	-0.314560663892012	-0.721860883731708	1.47812838514122	-0.441706837517499
FLNB	0.476722933508629	-1.15297243280143	1.11746200694263	-0.441212507649829
GAS1	-0.00652226718761075	-1.27207873584679	1.17050803504664	0.108092967987763
GPRIN1	-0.431910358940607	-0.833234896625875	1.44463075071641	-0.179485495149925
GPX3	-0.0251381416249211	-0.86321138013191	1.40844955331147	-0.520100031554637
HFE2	-0.056072818679414	-1.11553933599288	1.31590549124153	-0.144293336569239
HOXC13	-0.414311013389412	-0.905574149793295	1.41400936292291	-0.0941241997402035
HP	-0.0775866503984175	-0.905072068746931	1.41111623241277	-0.428457513267419
HPD	-0.119726474658958	-0.836989222115878	1.43425066431918	-0.477534967544346
HRC	-0.231941915945428	-0.524460337473715	1.47023412015705	-0.713831866737912
HRH2	-0.378343773008721	-1.02398387826397	1.34344553396962	0.0588821173030653
ICAM5	0.363116075933618	-1.11599166189771	1.19475878806985	-0.441883202105758
IFT80	0.215509187878971	-1.18795414107277	1.21748718761192	-0.245042234418126
IL10RB	-0.723471880825967	-0.605527279802373	1.44769999099903	-0.118700830370689
ITPA	0.214712248292636	-1.20279525696074	1.2078440695636	-0.219761060895497
KCNG1	-0.312657150736345	-0.602775336679096	1.48725475199117	-0.571822264575729
KLHL41	-0.165578158267776	-0.88547018240607	1.43000610005078	-0.37895775937693
LOC101537926	-0.313711608881289	-1.20619516662475	1.14180410684991	0.378102668656135
LOC101541932	-0.203698685027425	-0.884208575668015	1.43415330921093	-0.346246048515487
LOC101542466	0.21044981959926	-1.12619329231097	1.2541463397049	-0.338402866993187
LOC101544919	-0.292822099324588	-0.957829027469972	1.40466972736042	-0.154018600565862
LOC101545806	-0.254420395652418	-0.841966380292773	1.44967297606625	-0.353286200121059
LOC101546977	-0.296606212478013	-0.379689430437884	1.46490706655419	-0.788611423638289
LOC101547102	-0.347367880494248	-1.04226310254499	1.33804408469739	0.0515868983418461
LOC101551148	-0.131988553533451	-0.841261734525926	1.4356376977282	-0.462387409668824
LOC101553347	-0.297794611015548	-0.820133097487021	1.45724523871206	-0.339317530209493
LOC101556047	-0.406576448407146	-0.751118009231264	1.47338316973655	-0.315688712098138
LOC101556259	0.384452598600652	-0.818997834898256	1.23879696065531	-0.804251724357705
MAML3	-0.734297753763793	-0.573767212593189	1.45280686198181	-0.144741895624825
MAN1C1	0.113289166816672	-1.36886999499009	1.03097702935283	0.224603798820588
MAT1A	-0.204680580679748	-0.959872755034675	1.40649081423331	-0.241937478518882
MEGF11	-0.506275423980304	-0.780958735438999	1.45148549660287	-0.164251337183572
MGAT5B	0.148071429559077	-1.01030460414819	1.32151998882228	-0.459286814233165
MKS1	-0.545426629412783	-0.466477495271882	1.49916240249072	-0.487258277806058
MMP14	-0.594009745570792	-0.797093157255739	1.41812022934959	-0.0270173265230633
MYO18B	-0.300489659510983	-0.968681978610412	1.39811802707046	-0.128946388949063
MYOT	-0.290022535396427	-0.999099038207995	1.38170759207505	-0.0925860184706317
NOG	0.0646216431297662	-0.988982260090538	1.35395294132224	-0.429592324361465
NRAP	-0.322016023250571	-0.740516678763261	1.47557902640075	-0.413046324386915
NRGN	-0.0413744223890594	-1.2579296569261	1.18435082876003	0.114953250555131
OBSCN	-0.229757887202108	-0.763970697277894	1.46376962296345	-0.470041038483447
PIGR	-0.0405455281825974	-1.11382503921679	1.31592209025502	-0.16155152285563
PLAG1	-0.400938414094833	-0.781523018689736	1.46569130422622	-0.283229871441649
PRR7	-0.0385110025366282	-0.817549051149413	1.41891625741892	-0.562856203732883
PRRT3	-0.397623192183573	-0.653336759272842	1.49056765729864	-0.439607705842221
RBM47	-0.475060966387715	-0.995021596083984	1.32820134871324	0.141881213758456
RGMA	-0.00777377386519004	-0.774591491705393	1.41438835135606	-0.632023085785476
RPP25	-0.491585704581993	-0.652711553392	1.48800970355448	-0.343712445580491
RPRM	-0.0839009727491902	-0.873300395274488	1.41992682752214	-0.462725459498465
SLC2A4	-0.43454369579288	-0.713873015311052	1.48033379479479	-0.331917083690854
SLC39A8	-0.342718688693471	-0.914601269870995	1.42100513086338	-0.163685172298918
SMIM10L1	-0.264633789362036	-1.09136478412815	1.31812653965622	0.0378720338339602
SRSF2	-0.466836808697449	-0.834551432804278	1.43770797783663	-0.136319736334904
STAR	-0.192343963840154	-0.778577415902885	1.45640786768275	-0.485486487939709
TNFRSF12A	-0.091493321650182	-1.10419862155932	1.32500990247311	-0.129317959263611
TNKS1BP1	0.36585361874586	-0.898949897812876	1.24530867957771	-0.712212400510693
TRERF1	-0.320460085460802	-0.895215850555709	1.43153691903207	-0.215860983015559
TXLNB	0.373627463295062	-1.22832301144658	1.12962010665319	-0.274924558501675
XIRP2	-0.159476838736698	-0.852489586635596	1.43759220243024	-0.425625777057949
YBX2	-0.316300051412828	-1.24948834961444	1.02047206486367	0.545316336163598
YPEL1	-0.0875894475861576	-0.813594513808883	1.43149100445935	-0.530307043064307
ZNRF3	0.0729257004676747	-1.07712475436045	1.31765952959355	-0.313460475700773
ZWILCH	0.0313213523096551	-0.842108216015294	1.39564215218277	-0.584855288477134
ADIRF	0.15841399451539	1.32642359335322	-0.980257106831837	-0.504580481036769
AHNAK	-0.600647683819756	0.665864595820946	-1.07991931652594	1.01470240452475
AHSA2	0.244285811085204	0.873150019446293	-1.44008108342221	0.322645252890708
BPIFB3	-0.5	1.5	-0.5	-0.5
CALR	-0.0280523609250725	1.41496221379208	-0.826375068995391	-0.560534783871619
CHAC1	0.309743884702075	1.27962920744933	-0.752529670570107	-0.836843421581302
CNN2	-0.651609968352149	1.26429323141872	-0.93454410037274	0.321860837306169
COCH	-0.625032253167176	1.06173583216654	-1.051027205625	0.614323626625636
CSRP1	-0.315710996619545	1.32763789766985	-1.06529615685907	0.0533692558087656
DDIT4	0.743325436605188	0.897320367055672	-1.20530610122216	-0.435339702438699
DUSP6	0.190315134977359	0.988397825673566	-1.39314991330407	0.214436952653149
ESAM	-0.642482227077214	1.4464829869167	-0.694997773712926	-0.109002986126564
FAM105A	0.442409500999106	0.928094851029087	-1.39369154937462	0.0231871973464307
FRG1	0.288589232659436	1.28851484511428	-0.708498579723829	-0.868605498049883
GADD45B	0.597833401590901	1.09701625540102	-0.809392740561117	-0.885456916430802
GJB6	-0.0156799994623355	1.19001136072369	-1.25578366795395	0.0814523066925959
GRM8	-0.494609293482674	1.38483704636184	-0.914866617690891	0.0246388648117235
HSP90B1	0.0782090780912376	1.32338370817092	-1.06156483119132	-0.340027955070832
HSPA5	0.317424532778125	1.21735115482021	-1.11345837579157	-0.421317311806765
KBTBD2	-0.282325058399002	0.666174996073446	-1.28801644510191	0.904166507427467
KCNAB3	-0.593582605277767	1.40287434630128	-0.824244904207605	0.0149531631840916
LOC101540963	0.895326047053692	0.783235237918525	-1.13605483092416	-0.542506454048057
LOC101543782	-0.5	1.5	-0.5	-0.5
LOC101546676	0.398993554430881	1.23021679048195	-0.82479384149124	-0.804416503421593
LOC101551999	-0.331038288904791	1.35627792366384	-1.02514576341575	-9.38713432920377e-05
LOC101553359	-0.0489895723662437	1.42246382503481	-0.562276435963884	-0.811197816704686
LOC101557773	0.55892824378912	1.08813271039504	-1.09478822303139	-0.552272731152766
LOC101558218	0.390820782086249	1.2197993261852	-0.981803897574342	-0.628816210697103
MADCAM1	-0.466738487916056	1.49899438979206	-0.550731995433112	-0.481523906442892
MPP6	0.0960289851157786	1.00087037445503	-1.38134908098655	0.284449721415739
NAALADL2	-0.364672696619151	1.48253454758124	-0.707755622104982	-0.410106228857106
NFE2L2	0.0490415508843192	1.0430586714601	-1.35638401961872	0.264283797274295
NSRP1	0.356187275084486	1.13224565140998	-1.23586375633174	-0.252569170162726
NUDT15	0.228398735828667	1.2192290364315	-1.17851240750701	-0.26911536475315
PCP4L1	-0.48497709211598	1.49242532637341	-0.626173888397852	-0.381274345859581
PDIA4	0.0307548648414933	1.40342829878814	-0.694703247465705	-0.739479916163929
PDIA6	0.372656432047465	1.22380093162622	-1.00929787237693	-0.58715949129675
PDPN	-0.0675918515469239	1.08480267759769	-1.31522662523217	0.298015799181411
PLCB4	-0.63464859985581	0.855703148606307	-1.06983971550292	0.848785166752424
RGS6	0.527883954453929	1.03723924674036	-1.24118342639332	-0.323939774800966
RRH	-0.0146896971390451	1.30527463232645	-1.12656038130532	-0.164024553882089
SCG3	-0.33579260213127	1.25537026692121	-1.12630112804068	0.206723463250736
SNX25	-0.786010635342617	1.33604406638792	-0.747195254935548	0.197161823890241
STT3B	-0.436301431684635	1.14667886851435	-1.14336718229033	0.432989745460624
TMEM50B	0.261655677101113	1.24577385158906	-1.102578581152	-0.404850947538167
TP53BP2	0.225104392805608	1.1794642531103	-1.23697374095197	-0.167594904963945
TPPP3	-0.657360017034455	1.43850633765327	-0.701605744959067	-0.0795405756597436
TREX2	0.311568967699495	1.19356515791145	-1.16826684879723	-0.336867276813711
TSC22D3	0.229634944156866	1.26495799267269	-1.08659356962929	-0.407999367200272
TTYH2	-0.34661317487705	1.49125872423788	-0.551109482263896	-0.593536067096931
TUBB6	-0.173108521016803	1.23322579244751	-1.19611541640329	0.135998144972581
TXNIP	-0.0581671784037395	1.43184406452133	-0.648464881035317	-0.725212005082269
IL13RA2	-0.576108783304435	-0.927554333344371	0.169920807303009	1.3337423093458
IL33	-0.37446999494466	-0.550268300724466	-0.569475453441578	1.4942137491107
ITGA6	-0.0755139915372217	-0.390700631060232	-0.935860741474618	1.40207536407207
LOC101553708	-0.397559957223326	-0.954901349704411	-0.03634695612576	1.3888082630535
ARL4D	0.0745724073010291	1.27604612672589	-0.198832601105957	-1.15178593292097
ASIC3	-0.247719307030738	1.31188638555795	0.0386017815574866	-1.1027688600847
CRELD2	0.288069002162665	1.20769129404795	-0.335661421933306	-1.16009887427732
CRYAB	-0.418991731000475	1.46983481873811	-0.288888314220919	-0.76195477351672
KLHDC7A	-0.770873655844343	1.29210285739641	0.287283232929252	-0.808512434481323
LENG1	0.175318494538867	1.27555396395637	-0.344837973144286	-1.10603448535095
LOC101554925	-0.372510857589168	1.27592017690539	0.19063059705375	-1.09403991636998
LOC101556436	-0.211794208468223	1.25947373086023	0.116493333260537	-1.16417285565254
LOC105942832	-0.0262620990269487	1.24338411787693	-0.0116467638329806	-1.20547525501701
RASSF2	-0.239948165564104	1.37379912159967	-0.112892518816034	-1.02095843721954
ANXA3	0.146200506951142	-0.44928630320705	-1.01696827630979	1.32005407256569
AOX1	-0.534077351073234	0.541604626856376	-1.10408120143811	1.09655392565497
BCAP29	0.278903743904375	0.0156441765217665	-1.3469799080735	1.05243198764736
CA4	0.0649537310256196	-0.10808321001874	-1.19973967721509	1.24286915620821
CLDN5	0.55423558133495	0.0503998729207247	-1.42202544723171	0.81738999297603
CLVS2	0.0644662124756307	0.207323699028679	-1.34335636575091	1.0715664542466
DIMT1	-0.340719470437203	0.109253394974146	-1.07699192346164	1.30845799892469
IGIP	-0.152883537015148	-0.0796963661623688	-1.09681111750013	1.32939102067765
KCNRG	-0.374862074270282	0.366441751065597	-1.16308659103349	1.17150691423818
LOC101543927	0.259180615944089	0.399592657551916	-1.4599086408269	0.801135367330892
LOC101547343	0.0254652854451541	-0.117369341804676	-1.1749805619033	1.26688461826282
NOSTRIN	0.559709022578884	-0.678950642555037	-0.993622408136452	1.1128640281126
NR1D2	-0.375237722702114	0.195492059811185	-1.09436220737666	1.27410787026759
OCLN	-0.145382351948901	0.0031612968188085	-1.14723682924316	1.28945788437325
OSBPL1A	-0.321748263638729	0.549784593524771	-1.24720276413556	1.01916643424952
PECAM1	0.231540800076421	-0.138396859219897	-1.25547586867636	1.16233192781984
PPFIBP1	-0.442557134639718	-0.150685343119972	-0.84475266813728	1.43799514589697
PTPRM	-0.383194554350555	-0.178724463552582	-0.873021211923634	1.43494022982677
RAB21	-0.150790219303399	-0.0677560967231739	-1.1049735580611	1.32351987408768
ROCK1	0.395066005546808	0.0368704407435643	-1.38841840866346	0.956481962373092
SCARB2	-0.206242677486948	0.667861090740037	-1.32736739973154	0.865748986478452
SCYL2	0.301604131131561	-0.407798127586017	-1.1167527897328	1.22294678618725
SDPR	-0.282425867429498	-0.103085192518921	-0.997895486028959	1.38340654597738
SGMS1	0.0803109678251465	0.103251536017337	-1.30957468110958	1.1260121772671
SLC2A1	-0.139064027509235	-0.0378006886464458	-1.12885802229168	1.30572273844736
SLC30A5	-0.0285749633961471	-0.391219311981666	-0.96441485334659	1.3842091287244
SPPL2C	0.0602546504251053	0.563249829229657	-1.42636878575251	0.802864306097748
TMEM88	0.116308094737387	0.373378137462259	-1.41256844565315	0.9228822134535
YAF2	0.0909549811642619	0.0445513270158533	-1.28852368758197	1.15301737940185
ALOX5AP	-0.387414261997365	-0.19079668095614	1.43939736244651	-0.861186419493007
BTD	0.0121251221180883	-0.357347868011739	1.3584794327452	-1.01325668685155
CAD	-0.20497206300585	-0.0321492426554819	1.32869279908258	-1.09157149342125
CIRBP	-0.0129484625716435	-0.308876824535418	1.35519939447878	-1.03337410737172
DGAT2	-0.309874789447167	-0.295581493356569	1.45018631938852	-0.844730036584788
DGKQ	0.394840426362898	-0.257189151860777	1.10771183371803	-1.24536310822015
DNAJC30	-0.2489890715503	-0.232836798218285	1.41728731901012	-0.935461449241538
E4F1	0.164010034539745	-0.129501699125105	1.19842148926033	-1.23292982467497
ERCC5	-0.423436789697289	-0.26347811588579	1.46491956178676	-0.778004656203683
FAH	0.366853460386653	-0.665281667300115	1.23969315974711	-0.941264952833651
FBXO40	-0.131109912641405	-0.320100164343955	1.40428031370795	-0.953070236722586
ITGB2	-0.181185751240942	-0.126332585749276	1.35873386481295	-1.05121552782273
LENG8	0.251967576969703	0.215505399601741	0.945416655073152	-1.4128896316446
MAN2C1	0.744474050645899	-0.288548482844021	0.834714048272317	-1.29063961607419
METTL20	0.0675995218001241	-0.284560356140182	1.31075320371787	-1.09379236937781
MLYCD	-0.0239120486100935	-0.400133041789318	1.38450168007882	-0.960456589679413
MOCS3	-0.232396012965686	-0.415846050013057	1.45614472155481	-0.807902658576062
MYOM2	0.504026306782632	-0.463784045650466	1.10461264266219	-1.14485490379436
NRARP	-0.566986844423262	-0.0913686477406953	1.43675657204196	-0.778401079877999
PERM1	0.00841819340056689	-0.492766866121116	1.39104620286453	-0.906697530143986
PRDM11	0.0691931985469135	-0.535676044791857	1.37329851673459	-0.906815670489644
RRM2	-0.138928306748703	-0.295490757671776	1.40021929040087	-0.965800225980393
SRSF5	-0.377776493704961	0.0547924326857466	1.34515654342873	-1.02217248240952
SYNPO2L	-0.354522903154739	0.260301873802854	1.23077382078275	-1.13655279143087
TOR4A	-0.742834896407049	0.351144978347468	1.25607677917728	-0.864386861117701
TUBG1	-0.346128444062231	-0.249496265321165	1.44684723592634	-0.851222526542947
VPS37C	0.707769933815151	0.193540723634242	0.563105801538864	-1.46441645898826
WDR54	-0.20162729711764	-0.316683387091294	1.42636035466971	-0.908049670460775
YIF1A	-0.151421884439468	0.475969246564351	0.999160603369238	-1.32370796549412
ZDHHC8	0.3540442448389	-0.568951656318974	1.23169880528769	-1.01679139380761
ZNF70	-0.025539156627207	-0.357942298374426	1.37446978551624	-0.990988330514611
