control	shrinkage	growth
MEdarkgrey	0.25833143275841	0.357269156791625	0.783356415557216
MEroyalblue	0.378774079585544	0.314338565672147	0.0114224257142617
MEskyblue	0.411726835589074	0.355777002520078	0.0207808878155433
MEwhite	0.314063472730524	0.422338331224416	0.0157798908907853
MEgreenyellow	0.898801552264387	0.0184116230732601	0.000960557838767832
MElightgreen	0.413501495363591	0.308848153020013	0.0143423971840434
MEdarkmagenta	0.314997870741417	0.171566570062414	0.000814906589459812
MEsienna3	0.0511626893035742	0.139547858493089	1.58784464495798e-11
MEmidnightblue	0.23977890677263	0.364341895174577	0.729896701524185
MEdarkred	0.349134201921538	0.190086630740789	0.675658621581133
MElightcyan	0.512149350063355	0.231130693367347	0.525630430326687
MEyellowgreen	0.321687990263283	0.892954090167714	0.278773031137917
MEpaleturquoise	0.305068669250199	0.211899697407109	0.81216809329567
MElightyellow	0.253030649880775	0.41610303397365	0.674772038465377
MEgreen	0.762442970460952	0.227423879112298	0.27085886048277
MEblack	0.138698157215152	0.323068926035468	0.542624310276343
MEblue	0.145875222911879	0.486062284256303	0.348966297748335
MEskyblue3	0.961561904760931	0.363414936044964	0.232070635749604
MEmagenta	0.0286615894567207	0.229491153821357	0.249844873006656
MEsalmon	0.158207237022925	0.326392121206841	0.592330739042416
MEplum1	0.687270125353906	0.80120953636604	0.409437587779534
MEsaddlebrown	0.359574324814578	0.192802911044053	0.664475206313469
MEdarkorange	0.387556708695307	0.168193951998914	0.557908034597289
MEviolet	0.251869658557725	0.0270412727861454	0.244008360892101
MEdarkturquoise	0.309311243199871	0.130176889961502	0.57975869880912
MEsteelblue	0.361132351785759	0.184847533413871	0.642029872668725
MEgrey60	0.187575283366604	0.324890853698828	0.67320658969252
MEdarkolivegreen	0.214390867887711	0.435051499461951	0.563438108183295
MEdarkgreen	0.227913533397754	0.530424615046323	0.46940586407373
MEbrown	0.854399526885267	0.310603468688693	0.130107080066989
MEcyan	0.470813775149495	0.997458724828397	0.36355777897912
MEorange	0.220085484264745	0.324606324613129	0.754634404147215
MEpink	0.6923834035451	0.780201968085233	0.878529665752192
MEgrey	0.370827974493822	0.00957361704633719	0.056367852201541
