control	shrinkage	growth
MEdarkgrey	0.258261881297396	-0.211554522702004	-0.0638468874322067
MEroyalblue	-0.202463308929546	-0.230708688171087	0.540470829148209
MEskyblue	-0.189079658553659	-0.212196855200907	0.500710585351866
MEwhite	-0.230836301891112	-0.184896003216804	0.519571685090415
MEgreenyellow	-0.0295558107545636	-0.509130048099791	0.666885788904024
MElightgreen	-0.188375948954008	-0.233268560047407	0.52588298239428
MEdarkmagenta	-0.230403115328088	-0.309914878335323	0.67363583916909
MEsienna3	-0.430899155227846	-0.333519058392786	0.955502534740216
MEmidnightblue	0.268213367751649	-0.208530767270696	-0.0801277287427705
MEdarkred	-0.215075543116447	0.29762893267097	-0.0970264813455192
MElightcyan	-0.15148757355229	0.273022585638072	-0.146732833070648
MEyellowgreen	-0.22732395231531	0.0312728473713056	0.247810543640266
MEpaleturquoise	-0.235046808488629	0.284155775158301	-0.0551954812024774
MElightyellow	0.261057094581314	-0.18734731624334	-0.0973064649706415
MEgreen	0.0701775120446052	-0.275119833547502	0.251797660519426
MEblack	0.334194999446659	-0.226693170651642	-0.140819883845027
MEblue	0.328574768774587	-0.160863023887762	-0.215148716413543
MEskyblue3	-0.0112024024869813	-0.208925127573698	0.272494278638011
MEmagenta	0.477320569873939	-0.273947475989234	-0.262755070609497
MEsalmon	0.319355039437093	-0.225181790123765	-0.123986908497211
MEplum1	0.0933714173905741	0.0584771568379663	-0.189989864832641
MEsaddlebrown	-0.210565251192743	0.295896371972619	-0.100567938883344
MEdarkorange	-0.198834904404203	0.312248780902649	-0.135574056896951
MEviolet	-0.261674292861809	0.481669600412032	-0.265902278607578
MEdarkturquoise	-0.233051587382604	0.341141720734288	-0.128184133156142
MEsteelblue	-0.209898689310447	0.301018575666173	-0.107742572863568
MEgrey60	0.299245738425412	-0.225863418097346	-0.0978011550112296
MEdarkolivegreen	0.282676989349834	-0.17995750788029	-0.133691913039907
MEdarkgreen	0.274841521248966	-0.145055834157285	-0.166979934564877
MEbrown	0.042637457348163	0.232447178431178	-0.341199948227648
MEcyan	-0.166458704191544	0.000740367382806302	0.208864319648452
MEorange	0.279338785045793	-0.225992816239887	-0.0725533498036062
MEpink	0.0917686717028712	-0.064798857949654	-0.0355153076224416
MEgrey	-0.205787310554627	0.551367343269762	-0.422528736437268
